1; 1000000000; 15647.693
1; 100000000; 1357.072
1; 10000000; 98.261
1; 1000000; 7.581
1; 100000; 1.243
2; 1000000000; 10581.667
2; 100000000; 859.719
2; 10000000; 59.772
2; 1000000; 5.861
2; 100000; 1.393
3; 1000000000; 9474.685
3; 100000000; 752.527
3; 10000000; 44.583
3; 1000000; 5.308
3; 100000; 1.589
4; 1000000000; 8922.173
4; 100000000; 729.276
4; 10000000; 38.106
4; 1000000; 5.471
4; 100000; 1.446
5; 1000000000; 8751.989
5; 100000000; 673.347
5; 10000000; 33.814
5; 1000000; 3.744
5; 100000; 1.226
6; 1000000000; 8776.733
6; 100000000; 623.110
6; 10000000; 28.588
6; 1000000; 4.517
6; 100000; 1.304
7; 1000000000; 8738.875
7; 100000000; 605.674
7; 10000000; 25.621
7; 1000000; 4.134
7; 100000; 1.333
8; 1000000000; 9594.890
8; 100000000; 712.734
8; 10000000; 26.891
8; 1000000; 5.817
8; 100000; 1.480
9; 1000000000; 9609.533
9; 100000000; 700.426
9; 10000000; 24.977
9; 1000000; 4.838
9; 100000; 1.553
10; 1000000000; 9578.576
10; 100000000; 754.466
10; 10000000; 25.858
10; 1000000; 4.249
10; 100000; 1.124
11; 1000000000; 9452.063
11; 100000000; 677.869
11; 10000000; 23.465
11; 1000000; 4.311
11; 100000; 1.506
12; 1000000000; 9401.301
12; 100000000; 670.225
12; 10000000; 24.445
12; 1000000; 3.430
12; 100000; 1.229
13; 1000000000; 9584.452
13; 100000000; 713.549
13; 10000000; 27.552
13; 1000000; 3.925
13; 100000; 1.071
14; 1000000000; 9446.434
14; 100000000; 708.164
14; 10000000; 27.598
14; 1000000; 4.351
14; 100000; 1.654
15; 1000000000; 9546.153
15; 100000000; 705.454
15; 10000000; 28.792
15; 1000000; 3.390
15; 100000; 1.826
16; 1000000000; 9527.860
16; 100000000; 687.275
16; 10000000; 23.794
16; 1000000; 2.989
16; 100000; 1.144
17; 1000000000; 9821.305
17; 100000000; 687.670
17; 10000000; 24.020
17; 1000000; 3.260
17; 100000; 1.349
18; 1000000000; 9589.502
18; 100000000; 711.094
18; 10000000; 26.832
18; 1000000; 3.876
18; 100000; 1.752
19; 1000000000; 9522.091
19; 100000000; 715.953
19; 10000000; 32.506
19; 1000000; 5.634
19; 100000; 1.328
20; 1000000000; 9608.351
20; 100000000; 761.281
20; 10000000; 30.784
20; 1000000; 5.080
20; 100000; 1.392
