
1; 1000; 6727426
1; 10000; 7967929
1; 100000; 21519035
1; 1000000; 84349442
1; 10000000; 817120363
2; 1000; 6364684
2; 10000; 7432079
2; 100000; 18778134
2; 1000000; 58370222
2; 10000000; 502367170
4; 1000; 3423716
4; 10000; 4383811
4; 100000; 10185096
4; 1000000; 50147802
4; 10000000; 410166120
6; 1000; 4915497
6; 10000; 7342288
6; 100000; 10984000
6; 1000000; 40636426
6; 10000000; 340507960
8; 1000; 4253776
8; 10000; 4224620
8; 100000; 9023755
8; 1000000; 43721240
8; 10000000; 351528909
10; 1000; 3702786
10; 10000; 4614336
10; 100000; 12207687
10; 1000000; 38296761
10; 10000000; 347893208
12; 1000; 3340303
12; 10000; 3390576
12; 100000; 10296619
12; 1000000; 41806196
12; 10000000; 344259326
14; 1000; 4422332
14; 10000; 5684776
14; 100000; 13500591
14; 1000000; 46683393
14; 10000000; 378264161
16; 1000; 6704011
16; 10000; 7190199
16; 100000; 12149930
16; 1000000; 51117514
16; 10000000; 391131766
18; 1000; 6399602
18; 10000; 5103691
18; 100000; 11159813
18; 1000000; 43557024
18; 10000000; 351509989
20; 1000; 7621457
20; 10000; 6582539
20; 100000; 10481020
20; 1000000; 40822298
20; 10000000; 365433913
