1;	 100;         2.7561187744140625
1;	 1000;        3.8504600524902344
1;	 10000;       2.9289722442626953
1;	 100000;      5.229711532592773
1;	 1000000;     14.023065567016602
1;	 10000000;    106.0028076171875
1;	 100000000;   1672.7159023284912
1;	 1000000000;  19587.294816970825
2;	 100;         4.478216171264648
2;	 1000;        3.7107467651367188
2;	 10000;       5.400419235229492
2;	 100000;      9.253740310668945
2;	 1000000;     20.931482315063477
2;	 10000000;    118.87979507446289
2;	 100000000;   1210.8604907989502
2;	 1000000000;  13606.841087341309
3;	 100;         3.583192825317383
3;	 1000;        6.126880645751953
3;	 10000;       10.671615600585938
3;	 100000;      9.633064270019531
3;	 1000000;     25.597572326660156
3;	 10000000;    105.14163970947266
3;	 100000000;   1163.8267040252686
3;	 1000000000;  12987.839221954346
4;	 100;         4.793882369995117
4;	 1000;        5.113363265991211
4;	 10000;       8.232593536376953
4;	 100000;      12.021303176879883
4;	 1000000;     27.621030807495117
4;	 10000000;    131.2720775604248
4;	 100000000;   1302.2775650024414
4;	 1000000000;  12488.308191299438
5;	 100;         4.11224365234375
5;	 1000;        5.606651306152344
5;	 10000;       8.72802734375
5;	 100000;      17.44818687438965
5;	 1000000;     38.292884826660156
5;	 10000000;    174.23343658447266
5;	 100000000;   1424.2761135101318
5;	 1000000000;  13234.308242797852
6;	 100;         4.814624786376953
6;	 1000;        7.107973098754883
6;	 10000;       10.579586029052734
6;	 100000;      20.763158798217773
6;	 1000000;     56.22124671936035
6;	 10000000;    221.08936309814453
6;	 100000000;   1417.5193309783936
6;	 1000000000;  13199.497699737549
7;	 100;         6.383180618286133
7;	 1000;        6.773233413696289
7;	 10000;       10.81395149230957
7;	 100000;      23.26345443725586
7;	 1000000;     59.316158294677734
7;	 10000000;    209.84649658203125
7;	 100000000;   1464.5864963531494
7;	 1000000000;  13116.957664489746
8;	 100;         5.654811859130859
8;	 1000;        7.700204849243164
8;	 10000;       12.610673904418945
8;	 100000;      24.271249771118164
8;	 1000000;     63.78936767578125
8;	 10000000;    237.91790008544922
8;	 100000000;   1461.5085124969482
8;	 1000000000;  13253.190040588379
9;	 100;         5.800962448120117
9;	 1000;        7.774114608764648
9;	 10000;       14.470338821411133
9;	 100000;      27.814626693725586
9;	 1000000;     71.34509086608887
9;	 10000000;    248.8727569580078
9;	 100000000;   1529.9878120422363
9;	 1000000000;  13149.407148361206
10;	 100;         5.820751190185547
10;	 1000;        8.281707763671875
10;	 10000;       15.095233917236328
10;	 100000;      41.78190231323242
10;	 1000000;     71.8693733215332
10;	 10000000;    276.3562202453613
10;	 100000000;   1502.1591186523438
10;	 1000000000;  13319.907426834106
11;	 100;         5.977869033813477
11;	 1000;        7.988691329956055
11;	 10000;       14.496088027954102
11;	 100000;      33.484697341918945
11;	 1000000;     91.46618843078613
11;	 10000000;    274.78528022766113
11;	 100000000;   1570.744514465332
11;	 1000000000;  13078.842163085938
12;	 100;         6.490945816040039
12;	 1000;        9.982109069824219
12;	 10000;       15.115022659301758
12;	 100000;      36.661386489868164
12;	 1000000;     90.52300453186035
12;	 10000000;    299.87144470214844
12;	 100000000;   1558.6984157562256
12;	 1000000000;  13300.511121749878
13;	 100;         5.420446395874023
13;	 1000;        8.496761322021484
13;	 10000;       18.424272537231445
13;	 100000;      34.38711166381836
13;	 1000000;     104.33363914489746
13;	 10000000;    330.91211318969727
13;	 100000000;   1605.7827472686768
13;	 1000000000;  13133.985757827759
14;	 100;         6.8874359130859375
14;	 1000;        11.368989944458008
14;	 10000;       18.703222274780273
14;	 100000;      42.88053512573242
14;	 1000000;     111.8781566619873
14;	 10000000;    332.86428451538086
14;	 100000000;   1610.5692386627197
14;	 1000000000;  13286.807537078857
15;	 100;         7.377386093139648
15;	 1000;        11.0931396484375
15;	 10000;       19.324541091918945
15;	 100000;      44.524431228637695
15;	 1000000;     117.10405349731445
15;	 10000000;    355.4644584655762
15;	 100000000;   1691.4410591125488
15;	 1000000000;  13181.390762329102
16;	 100;         5.715131759643555
16;	 1000;        12.921571731567383
16;	 10000;       19.465208053588867
16;	 100000;      52.82878875732422
16;	 1000000;     130.61046600341797
16;	 10000000;    377.47716903686523
16;	 100000000;   1754.8706531524658
16;	 1000000000;  13818.07827949524
17;	 100;         7.949590682983398
17;	 1000;        13.236522674560547
17;	 10000;       18.764972686767578
17;	 100000;      52.373647689819336
17;	 1000000;     136.91329956054688
17;	 10000000;    386.9211673736572
17;	 100000000;   1727.125883102417
17;	 1000000000;  13586.91120147705
18;	 100;         5.486965179443359
18;	 1000;        34.53564643859863
18;	 10000;       21.921157836914062
18;	 100000;      56.932926177978516
18;	 1000000;     138.57245445251465
18;	 10000000;    417.71650314331055
18;	 100000000;   1822.6029872894287
18;	 1000000000;  14031.69560432434
19;	 100;         8.510589599609375
19;	 1000;        13.906240463256836
19;	 10000;       22.207975387573242
19;	 100000;      52.19912528991699
19;	 1000000;     139.41073417663574
19;	 10000000;    413.8491153717041
19;	 100000000;   1829.0188312530518
19;	 1000000000;  20052.997589111328
20;	 100;         9.049415588378906
20;	 1000;        12.824773788452148
20;	 10000;       32.27519989013672
20;	 100000;      221.33898735046387
20;	 1000000;     170.29166221618652
20;	 10000000;    486.24372482299805
20;	 100000000;   2171.222448348999
20;	 1000000000;  14044.930458068848
