1; 12345; 5
1; 123456; 3
1; 1234567; 16
1; 12345678; 203
1; 123456789; 2519
1; 1234567890; 26807
2; 12345; 3
2; 123456; 2
2; 1234567; 12
2; 12345678; 135
2; 123456789; 1793
2; 1234567890; 16620
3; 12345; 2
3; 123456; 2
3; 1234567; 8
3; 12345678; 100
3; 123456789; 1281
3; 1234567890; 14817
4; 12345; 2
4; 123456; 3
4; 1234567; 9
4; 12345678; 100
4; 123456789; 1179
4; 1234567890; 14211
5; 12345; 5
5; 123456; 8
5; 1234567; 13
5; 12345678; 121
5; 123456789; 1212
5; 1234567890; 13993
6; 12345; 2
6; 123456; 2
6; 1234567; 7
6; 12345678; 97
6; 123456789; 1276
6; 1234567890; 14412
7; 12345; 2
7; 123456; 5
7; 1234567; 17
7; 12345678; 91
7; 123456789; 1189
7; 1234567890; 13564
8; 12345; 2
8; 123456; 3
8; 1234567; 8
8; 12345678; 95
8; 123456789; 1169
8; 1234567890; 13418
9; 12345; 2
9; 123456; 2
9; 1234567; 8
9; 12345678; 90
9; 123456789; 1197
9; 1234567890; 13411
10; 12345; 2
10; 123456; 3
10; 1234567; 8
10; 12345678; 90
10; 123456789; 1177
10; 1234567890; 13512
11; 12345; 4
11; 123456; 8
11; 1234567; 12
11; 12345678; 88
11; 123456789; 1167
11; 1234567890; 13318
12; 12345; 2
12; 123456; 2
12; 1234567; 9
12; 12345678; 105
12; 123456789; 1155
12; 1234567890; 13411
13; 12345; 2
13; 123456; 2
13; 1234567; 9
13; 12345678; 91
13; 123456789; 1159
13; 1234567890; 13363
14; 12345; 5
14; 123456; 3
14; 1234567; 9
14; 12345678; 105
14; 123456789; 1185
14; 1234567890; 13409
15; 12345; 2
15; 123456; 3
15; 1234567; 9
15; 12345678; 107
15; 123456789; 1177
15; 1234567890; 13485
16; 12345; 4
16; 123456; 4
16; 1234567; 11
16; 12345678; 109
16; 123456789; 1257
16; 1234567890; 13966
17; 12345; 7
17; 123456; 4
17; 1234567; 13
17; 12345678; 120
17; 123456789; 1280
17; 1234567890; 14314
18; 12345; 2
18; 123456; 3
18; 1234567; 11
18; 12345678; 100
18; 123456789; 1299
18; 1234567890; 13671
19; 12345; 2
19; 123456; 2
19; 1234567; 8
19; 12345678; 94
19; 123456789; 1157
19; 1234567890; 13362
20; 12345; 3
20; 123456; 3
20; 1234567; 10
20; 12345678; 103
20; 123456789; 1252
20; 1234567890; 13692
