1 ; 10000 ; 6.8
1 ; 100000 ; 9.1
1 ; 1000000 ; 28.1
1 ; 10000000 ; 290.3
1 ; 100000000 ; 3200.9
2 ; 10000 ; 6.9
2 ; 100000 ; 7.9
2 ; 1000000 ; 18.1
2 ; 10000000 ; 197.9
2 ; 100000000 ; 2185.9
3 ; 10000 ; 6.6
3 ; 100000 ; 7.3
3 ; 1000000 ; 15.1
3 ; 10000000 ; 150.5
3 ; 100000000 ; 2116.4
4 ; 10000 ; 7.6
4 ; 100000 ; 8.4
4 ; 1000000 ; 17.0
4 ; 10000000 ; 150.8
4 ; 100000000 ; 1978.6
8 ; 10000 ; 7.8
8 ; 100000 ; 8.3
8 ; 1000000 ; 17.8
8 ; 10000000 ; 149.9
8 ; 100000000 ; 1868.8
12 ; 10000 ; 7.7
12 ; 100000 ; 8.6
12 ; 1000000 ; 17.7
12 ; 10000000 ; 160.9
12 ; 100000000 ; 1898.9
16 ; 10000 ; 8.2
16 ; 100000 ; 8.7
16 ; 1000000 ; 17.7
16 ; 10000000 ; 162.1
16 ; 100000000 ; 2047.5
20 ; 10000 ; 9.3
20 ; 100000 ; 9.5
20 ; 1000000 ; 18.6
20 ; 10000000 ; 174.9
20 ; 100000000 ; 2023.9