1; 100; 2
1; 100000; 18
1; 20000000; 3848
2; 100; 2
2; 100000; 72
2; 20000000; 19560
3; 100; 1
3; 100000; 80
3; 20000000; 23028
4; 100; 1
4; 100000; 69
4; 20000000; 23376
5; 100; 1
5; 100000; 73
5; 20000000; 24300
6; 100; 2
6; 100000; 68
6; 20000000; 19882
7; 100; 2
7; 100000; 59
7; 20000000; 32931
8; 100; 1
8; 100000; 58
8; 20000000; 24729
9; 100; 1
9; 100000; 54
9; 20000000; 20782
10; 100; 1
10; 100000; 53
10; 20000000; 28651
11; 100; 1
11; 100000; 53
11; 20000000; 27263
12; 100; 1
12; 100000; 84
12; 20000000; 22061
13; 100; 1
13; 100000; 69
13; 20000000; 25067
14; 100; 2
14; 100000; 62
14; 20000000; 21264
15; 100; 1
15; 100000; 52
15; 20000000; 18094
16; 100; 1
16; 100000; 42
16; 20000000; 18440
17; 100; 1
17; 100000; 63
17; 20000000; 19708
18; 100; 1
18; 100000; 73
18; 20000000; 20674
19; 100; 1
19; 100000; 34
19; 20000000; 18557
20; 100; 1
20; 100000; 46
20; 20000000; 21883
