1; 1; 0.246
2; 1; 0.279
3; 1; 0.239
4; 1; 0.398
5; 1; 0.653
6; 1; 0.739
7; 1; 0.633
8; 1; 1.17
9; 1; 1.68
10; 1; 1.35
11; 1; 1.602
12; 1; 1.839
13; 1; 1.897
14; 1; 2.165
15; 1; 2.098
16; 1; 2.23
17; 1; 2.11
18; 1; 2.104
19; 1; 1.723
20; 1; 2.024
1; 1001; 0.227
2; 1001; 0.264
3; 1001; 0.314
4; 1001; 0.315
5; 1001; 0.608
6; 1001; 0.834
7; 1001; 0.695
8; 1001; 1.318
9; 1001; 1.371
10; 1001; 2.679
11; 1001; 1.582
12; 1001; 1.757
13; 1001; 1.794
14; 1001; 2.84
15; 1001; 1.96
16; 1001; 2.181
17; 1001; 1.902
18; 1001; 2.348
19; 1001; 2.103
20; 1001; 1.974
1; 2001; 0.456
2; 2001; 0.287
3; 2001; 0.371
4; 2001; 0.386
5; 2001; 0.389
6; 2001; 0.428
7; 2001; 0.654
8; 2001; 1.273
9; 2001; 1.124
10; 2001; 1.244
11; 2001; 2.715
12; 2001; 3.005
13; 2001; 2.467
14; 2001; 1.649
15; 2001; 1.9
16; 2001; 1.967
17; 2001; 2.853
18; 2001; 2.323
19; 2001; 2.104
20; 2001; 2.485
1; 3001; 0.296
2; 3001; 0.452
3; 3001; 0.441
4; 3001; 0.393
5; 3001; 0.664
6; 3001; 0.782
7; 3001; 0.629
8; 3001; 1.136
9; 3001; 1.002
10; 3001; 1.617
11; 3001; 1.597
12; 3001; 2.768
13; 3001; 2.334
14; 3001; 2.293
15; 3001; 2.582
16; 3001; 2.859
17; 3001; 3.481
18; 3001; 3.533
19; 3001; 3.344
20; 3001; 3.404
1; 4001; 0.328
2; 4001; 0.438
3; 4001; 0.532
4; 4001; 0.579
5; 4001; 0.555
6; 4001; 0.605
7; 4001; 0.637
8; 4001; 1.136
9; 4001; 1.226
10; 4001; 1.471
11; 4001; 1.325
12; 4001; 1.929
13; 4001; 3.014
14; 4001; 2.478
15; 4001; 2.831
16; 4001; 2.346
17; 4001; 2.69
18; 4001; 2.284
19; 4001; 2.172
20; 4001; 2.995
1; 5001; 0.393
2; 5001; 0.5
3; 5001; 0.526
4; 5001; 0.696
5; 5001; 0.671
6; 5001; 0.897
7; 5001; 0.971
8; 5001; 1.147
9; 5001; 1.354
10; 5001; 1.782
11; 5001; 3.09
12; 5001; 1.68
13; 5001; 2.45
14; 5001; 3.309
15; 5001; 3.398
16; 5001; 3.47
17; 5001; 3.196
18; 5001; 2.515
19; 5001; 2.88
20; 5001; 2.551
1; 6001; 0.479
2; 6001; 0.717
3; 6001; 0.768
4; 6001; 0.745
5; 6001; 0.837
6; 6001; 1.052
7; 6001; 0.797
8; 6001; 1.007
9; 6001; 1.37
10; 6001; 2.017
11; 6001; 4.177
12; 6001; 1.836
13; 6001; 2.434
14; 6001; 2.889
15; 6001; 7.76
16; 6001; 1.1
17; 6001; 2.887
18; 6001; 3.71
19; 6001; 4.029
20; 6001; 1.78
1; 7001; 0.526
2; 7001; 0.579
3; 7001; 0.647
4; 7001; 1.002
5; 7001; 1.058
6; 7001; 0.856
7; 7001; 0.874
8; 7001; 0.855
9; 7001; 1.164
10; 7001; 1.278
11; 7001; 1.535
12; 7001; 1.929
13; 7001; 2.338
14; 7001; 2.48
15; 7001; 3.304
16; 7001; 2.554
17; 7001; 2.339
18; 7001; 2.419
19; 7001; 2.481
20; 7001; 3.102
1; 8001; 0.536
2; 8001; 0.733
3; 8001; 0.969
4; 8001; 0.698
5; 8001; 0.891
6; 8001; 0.86
7; 8001; 0.899
8; 8001; 0.896
9; 8001; 1.209
10; 8001; 1.58
11; 8001; 1.849
12; 8001; 1.914
13; 8001; 2.143
14; 8001; 2.496
15; 8001; 1.436
16; 8001; 1.065
17; 8001; 2.913
18; 8001; 3.766
19; 8001; 2.766
20; 8001; 3.107
1; 9001; 0.703
2; 9001; 0.887
3; 9001; 1.21
4; 9001; 1.363
5; 9001; 1.319
6; 9001; 1.411
7; 9001; 0.946
8; 9001; 0.937
9; 9001; 0.943
10; 9001; 0.953
11; 9001; 1.814
12; 9001; 1.505
13; 9001; 1.591
14; 9001; 3.112
15; 9001; 3.466
16; 9001; 3.611
17; 9001; 2.876
18; 9001; 3.363
19; 9001; 3.245
20; 9001; 3.646
1; 10001; 0.914
2; 10001; 1.171
3; 10001; 1.235
4; 10001; 1.002
5; 10001; 0.969
6; 10001; 1.337
7; 10001; 1.018
8; 10001; 1.375
9; 10001; 1.444
10; 10001; 1.248
11; 10001; 1.166
12; 10001; 1.615
13; 10001; 2.414
14; 10001; 2.119
15; 10001; 2.773
16; 10001; 2.623
17; 10001; 2.504
18; 10001; 2.619
19; 10001; 3.33
20; 10001; 1.538
1; 11001; 0.894
2; 11001; 1.064
3; 11001; 1.083
4; 11001; 1.177
5; 11001; 1.392
6; 11001; 1.099
7; 11001; 1.239
8; 11001; 1.608
9; 11001; 1.618
10; 11001; 1.015
11; 11001; 1.588
12; 11001; 2.382
13; 11001; 2.101
14; 11001; 2.334
15; 11001; 1.642
16; 11001; 1.528
17; 11001; 1.539
18; 11001; 3.003
19; 11001; 4.635
20; 11001; 4.683
1; 12001; 1.223
2; 12001; 1.415
3; 12001; 1.851
4; 12001; 1.586
5; 12001; 1.603
6; 12001; 1.284
7; 12001; 1.705
8; 12001; 1.318
9; 12001; 1.299
10; 12001; 1.825
11; 12001; 1.89
12; 12001; 1.388
13; 12001; 1.849
14; 12001; 3.07
15; 12001; 3.245
16; 12001; 3.527
17; 12001; 1.458
18; 12001; 3.428
19; 12001; 3.259
20; 12001; 3.306
1; 13001; 0.879
2; 13001; 1.584
3; 13001; 1.448
4; 13001; 1.337
5; 13001; 1.353
6; 13001; 1.198
7; 13001; 1.69
8; 13001; 1.81
9; 13001; 2.443
10; 13001; 1.939
11; 13001; 1.241
12; 13001; 1.363
13; 13001; 1.897
14; 13001; 3.581
15; 13001; 3.434
16; 13001; 4.618
17; 13001; 2.977
18; 13001; 2.818
19; 13001; 3.042
20; 13001; 1.854
1; 14001; 0.839
2; 14001; 1.042
3; 14001; 1.058
4; 14001; 1.268
5; 14001; 1.205
6; 14001; 1.761
7; 14001; 1.632
8; 14001; 1.617
9; 14001; 1.5
10; 14001; 1.492
11; 14001; 1.648
12; 14001; 1.997
13; 14001; 1.99
14; 14001; 2.187
15; 14001; 4.376
16; 14001; 4.104
17; 14001; 2.372
18; 14001; 4.615
19; 14001; 4.65
20; 14001; 3.727
1; 15001; 1.196
2; 15001; 1.906
3; 15001; 1.262
4; 15001; 1.562
5; 15001; 1.492
6; 15001; 1.939
7; 15001; 1.809
8; 15001; 2.144
9; 15001; 1.575
10; 15001; 1.637
11; 15001; 1.216
12; 15001; 2.645
13; 15001; 1.578
14; 15001; 2.092
15; 15001; 3.316
16; 15001; 2.051
17; 15001; 2.156
18; 15001; 2.166
19; 15001; 2.436
20; 15001; 6.051
1; 16001; 1.122
2; 16001; 1.99
3; 16001; 1.424
4; 16001; 1.863
5; 16001; 1.483
6; 16001; 2.077
7; 16001; 1.676
8; 16001; 1.474
9; 16001; 1.855
10; 16001; 1.629
11; 16001; 2.073
12; 16001; 1.919
13; 16001; 2.216
14; 16001; 2.419
15; 16001; 2.658
16; 16001; 2.603
17; 16001; 2.488
18; 16001; 3.847
19; 16001; 4.674
20; 16001; 3.403
1; 17001; 1.652
2; 17001; 1.929
3; 17001; 1.492
4; 17001; 1.426
5; 17001; 1.892
6; 17001; 2.121
7; 17001; 1.964
8; 17001; 2.165
9; 17001; 1.994
10; 17001; 2.723
11; 17001; 2.671
12; 17001; 5.053
13; 17001; 1.37
14; 17001; 2.7
15; 17001; 2.117
16; 17001; 2.928
17; 17001; 2.238
18; 17001; 2.746
19; 17001; 4.069
20; 17001; 2.778
1; 18001; 1.668
2; 18001; 1.235
3; 18001; 1.254
4; 18001; 1.333
5; 18001; 1.416
6; 18001; 1.549
7; 18001; 1.443
8; 18001; 1.646
9; 18001; 2.201
10; 18001; 1.634
11; 18001; 2.364
12; 18001; 2.19
13; 18001; 2.164
14; 18001; 2.808
15; 18001; 3.076
16; 18001; 2.37
17; 18001; 2.416
18; 18001; 1.65
19; 18001; 1.804
20; 18001; 2.579
1; 19001; 1.799
2; 19001; 1.649
3; 19001; 1.679
4; 19001; 1.737
5; 19001; 1.799
6; 19001; 1.633
7; 19001; 1.477
8; 19001; 1.819
9; 19001; 2.071
10; 19001; 2.276
11; 19001; 2.24
12; 19001; 4.696
13; 19001; 2.189
14; 19001; 2.454
15; 19001; 1.676
16; 19001; 2.326
17; 19001; 3.652
18; 19001; 3.482
19; 19001; 3.537
20; 19001; 4.645
1; 20001; 1.936
2; 20001; 2.281
3; 20001; 2.439
4; 20001; 1.979
5; 20001; 1.634
6; 20001; 1.888
7; 20001; 1.957
8; 20001; 1.813
9; 20001; 2.114
10; 20001; 2.114
11; 20001; 2.062
12; 20001; 2.277
13; 20001; 2.284
14; 20001; 3.042
15; 20001; 2.434
16; 20001; 4.47
17; 20001; 3.292
18; 20001; 3.125
19; 20001; 3.176
20; 20001; 2.859
1; 21001; 1.276
2; 21001; 1.469
3; 21001; 1.482
4; 21001; 1.467
5; 21001; 1.832
6; 21001; 1.837
7; 21001; 1.617
8; 21001; 3.164
9; 21001; 1.919
10; 21001; 2.046
11; 21001; 1.946
12; 21001; 1.964
13; 21001; 3.912
14; 21001; 2.38
15; 21001; 1.996
16; 21001; 1.93
17; 21001; 2.417
18; 21001; 2.924
19; 21001; 3.362
20; 21001; 3.703
1; 22001; 2.075
2; 22001; 2.425
3; 22001; 1.46
4; 22001; 1.614
5; 22001; 1.544
6; 22001; 2.004
7; 22001; 1.849
8; 22001; 1.999
9; 22001; 1.953
10; 22001; 1.99
11; 22001; 1.984
12; 22001; 3.059
13; 22001; 3.442
14; 22001; 3.351
15; 22001; 3.265
16; 22001; 4.67
17; 22001; 3.429
18; 22001; 3.476
19; 22001; 3.551
20; 22001; 2.434
1; 23001; 1.398
2; 23001; 1.681
3; 23001; 1.672
4; 23001; 2.816
5; 23001; 1.769
6; 23001; 1.996
7; 23001; 1.94
8; 23001; 1.983
9; 23001; 1.825
10; 23001; 2.403
11; 23001; 2.151
12; 23001; 3.756
13; 23001; 3.277
14; 23001; 2.333
15; 23001; 3.266
16; 23001; 3.394
17; 23001; 5.103
18; 23001; 3.934
19; 23001; 3.297
20; 23001; 3.591
1; 24001; 1.842
2; 24001; 2.083
3; 24001; 2.396
4; 24001; 2.399
5; 24001; 2.503
6; 24001; 2.785
7; 24001; 2.525
8; 24001; 2.41
9; 24001; 2.319
10; 24001; 2.685
11; 24001; 2.258
12; 24001; 2.398
13; 24001; 2.534
14; 24001; 3.625
15; 24001; 3.025
16; 24001; 1.989
17; 24001; 2.004
18; 24001; 2.617
19; 24001; 2.093
20; 24001; 2.228
1; 25001; 1.479
2; 25001; 1.654
3; 25001; 1.873
4; 25001; 2.261
5; 25001; 2.353
6; 25001; 2.081
7; 25001; 2.378
8; 25001; 2.805
9; 25001; 2.378
10; 25001; 1.964
11; 25001; 2.273
12; 25001; 2.71
13; 25001; 2.175
14; 25001; 2.749
15; 25001; 2.538
16; 25001; 2.301
17; 25001; 2.339
18; 25001; 3.734
19; 25001; 4.588
20; 25001; 4.48
1; 26001; 2.051
2; 26001; 2.056
3; 26001; 1.832
4; 26001; 2.342
5; 26001; 3.014
6; 26001; 2.624
7; 26001; 2.757
8; 26001; 3.467
9; 26001; 4.888
10; 26001; 3.623
11; 26001; 3.295
12; 26001; 1.891
13; 26001; 1.947
14; 26001; 1.921
15; 26001; 3.153
16; 26001; 2.344
17; 26001; 3.858
18; 26001; 2.92
19; 26001; 5.882
20; 26001; 3.912
1; 27001; 1.784
2; 27001; 2.139
3; 27001; 3.005
4; 27001; 3.35
5; 27001; 2.085
6; 27001; 1.838
7; 27001; 2.07
8; 27001; 3.914
9; 27001; 2.903
10; 27001; 2.614
11; 27001; 2.25
12; 27001; 2.441
13; 27001; 2.976
14; 27001; 3.443
15; 27001; 2.965
16; 27001; 3.567
17; 27001; 3.223
18; 27001; 3.851
19; 27001; 3.807
20; 27001; 3.112
1; 28001; 1.668
2; 28001; 1.886
3; 28001; 1.899
4; 28001; 2.356
5; 28001; 2.265
6; 28001; 2.018
7; 28001; 3.662
8; 28001; 3.159
9; 28001; 2.678
10; 28001; 3.804
11; 28001; 4.108
12; 28001; 3.611
13; 28001; 3.804
14; 28001; 4.027
15; 28001; 4.759
16; 28001; 3.828
17; 28001; 2.64
18; 28001; 2.857
19; 28001; 6.54
20; 28001; 4.495
1; 29001; 1.916
2; 29001; 2.147
3; 29001; 2.238
4; 29001; 2.266
5; 29001; 2.424
6; 29001; 2.899
7; 29001; 2.595
8; 29001; 2.326
9; 29001; 3.196
10; 29001; 2.697
11; 29001; 3.251
12; 29001; 4.44
13; 29001; 3.849
14; 29001; 5.407
15; 29001; 3.644
16; 29001; 3.566
17; 29001; 2.307
18; 29001; 2.327
19; 29001; 3.054
20; 29001; 4.179
1; 30001; 2.603
2; 30001; 2.468
3; 30001; 2.006
4; 30001; 2.28
5; 30001; 2.105
6; 30001; 2.697
7; 30001; 2.497
8; 30001; 2.909
9; 30001; 2.693
10; 30001; 3.009
11; 30001; 3.522
12; 30001; 4.406
13; 30001; 3.391
14; 30001; 2.844
15; 30001; 2.67
16; 30001; 4.105
17; 30001; 4.082
18; 30001; 4.3
19; 30001; 4.474
20; 30001; 3.214
1; 31001; 1.71
2; 31001; 1.921
3; 31001; 2.017
4; 31001; 2.143
5; 31001; 2.395
6; 31001; 3.002
7; 31001; 2.775
8; 31001; 2.713
9; 31001; 3.159
10; 31001; 4.254
11; 31001; 3.455
12; 31001; 3.464
13; 31001; 4.343
14; 31001; 3.917
15; 31001; 4.472
16; 31001; 3.461
17; 31001; 3.562
18; 31001; 3.958
19; 31001; 3.947
20; 31001; 5.064
1; 32001; 1.811
2; 32001; 2.105
3; 32001; 3.466
4; 32001; 3.808
5; 32001; 3.792
6; 32001; 3.412
7; 32001; 3.255
8; 32001; 3.785
9; 32001; 3.244
10; 32001; 4.168
11; 32001; 3.679
12; 32001; 3.195
13; 32001; 3.273
14; 32001; 3.936
15; 32001; 4.218
16; 32001; 4.375
17; 32001; 3.635
18; 32001; 3.625
19; 32001; 3.999
20; 32001; 3.72
1; 33001; 2.121
2; 33001; 3.107
3; 33001; 3.205
4; 33001; 3.681
5; 33001; 4.131
6; 33001; 2.284
7; 33001; 2.383
8; 33001; 2.828
9; 33001; 2.86
10; 33001; 3.369
11; 33001; 3.186
12; 33001; 3.493
13; 33001; 5.456
14; 33001; 3.452
15; 33001; 4.045
16; 33001; 3.126
17; 33001; 2.537
18; 33001; 2.95
19; 33001; 2.597
20; 33001; 4.237
1; 34001; 2.083
2; 34001; 2.356
3; 34001; 2.867
4; 34001; 3.013
5; 34001; 3.528
6; 34001; 2.294
7; 34001; 2.266
8; 34001; 2.392
9; 34001; 2.961
10; 34001; 2.812
11; 34001; 3.462
12; 34001; 3.713
13; 34001; 2.843
14; 34001; 4.736
15; 34001; 3.043
16; 34001; 3.211
17; 34001; 2.535
18; 34001; 4.988
19; 34001; 2.54
20; 34001; 3.417
1; 35001; 3.326
2; 35001; 2.73
3; 35001; 3.738
4; 35001; 3.605
5; 35001; 3.457
6; 35001; 3.208
7; 35001; 4.79
8; 35001; 3.859
9; 35001; 3.482
10; 35001; 3.032
11; 35001; 3.46
12; 35001; 3.444
13; 35001; 5.279
14; 35001; 3.77
15; 35001; 3.523
16; 35001; 3.459
17; 35001; 5.405
18; 35001; 4.281
19; 35001; 4.553
20; 35001; 6.168
1; 36001; 2.017
2; 36001; 3.848
3; 36001; 2.393
4; 36001; 4.601
5; 36001; 3.053
6; 36001; 3.661
7; 36001; 2.986
8; 36001; 3.061
9; 36001; 3.713
10; 36001; 3.425
11; 36001; 3.292
12; 36001; 2.832
13; 36001; 3.349
14; 36001; 3.836
15; 36001; 4.031
16; 36001; 4.157
17; 36001; 3.81
18; 36001; 3.396
19; 36001; 4.475
20; 36001; 4.72
1; 37001; 3.515
2; 37001; 2.837
3; 37001; 2.563
4; 37001; 2.845
5; 37001; 3.128
6; 37001; 3.375
7; 37001; 3.097
8; 37001; 3.421
9; 37001; 3.212
10; 37001; 4.151
11; 37001; 4.159
12; 37001; 4.144
13; 37001; 3.194
14; 37001; 4.856
15; 37001; 3.086
16; 37001; 4.402
17; 37001; 3.406
18; 37001; 4.113
19; 37001; 4.013
20; 37001; 3.558
1; 38001; 2.605
2; 38001; 2.815
3; 38001; 2.601
4; 38001; 2.72
5; 38001; 2.925
6; 38001; 2.797
7; 38001; 2.901
8; 38001; 2.946
9; 38001; 2.565
10; 38001; 3.727
11; 38001; 4.221
12; 38001; 3.531
13; 38001; 3.639
14; 38001; 2.802
15; 38001; 3.581
16; 38001; 5.104
17; 38001; 6.436
18; 38001; 3.672
19; 38001; 4.301
20; 38001; 4.139
1; 39001; 2.434
2; 39001; 2.706
3; 39001; 2.709
4; 39001; 2.824
5; 39001; 2.8
6; 39001; 2.731
7; 39001; 3.22
8; 39001; 3.356
9; 39001; 3.165
10; 39001; 3.597
11; 39001; 3.9
12; 39001; 2.972
13; 39001; 3.8
14; 39001; 5.178
15; 39001; 5.095
16; 39001; 4.684
17; 39001; 5.514
18; 39001; 5.515
19; 39001; 5.109
20; 39001; 5.071
1; 40001; 2.801
2; 40001; 3.05
3; 40001; 3.026
4; 40001; 2.76
5; 40001; 3.753
6; 40001; 3.068
7; 40001; 4.001
8; 40001; 3.655
9; 40001; 4.35
10; 40001; 3.686
11; 40001; 4.904
12; 40001; 4.054
13; 40001; 4.805
14; 40001; 4.171
15; 40001; 4.185
16; 40001; 4.435
17; 40001; 3.347
18; 40001; 3.333
19; 40001; 5.024
20; 40001; 4.296
1; 41001; 3.98
2; 41001; 4.149
3; 41001; 2.668
4; 41001; 2.748
5; 41001; 4.544
6; 41001; 3.602
7; 41001; 4.624
8; 41001; 3.173
9; 41001; 2.971
10; 41001; 4.545
11; 41001; 4.127
12; 41001; 3.835
13; 41001; 3.865
14; 41001; 4.483
15; 41001; 4.867
16; 41001; 4.768
17; 41001; 4.193
18; 41001; 5.465
19; 41001; 4.095
20; 41001; 5.787
1; 42001; 3.517
2; 42001; 4.564
3; 42001; 4.525
4; 42001; 2.673
5; 42001; 2.772
6; 42001; 3.437
7; 42001; 3.899
8; 42001; 2.796
9; 42001; 3.229
10; 42001; 4.728
11; 42001; 2.248
12; 42001; 5.218
13; 42001; 3.266
14; 42001; 3.588
15; 42001; 3.869
16; 42001; 4.722
17; 42001; 4.627
18; 42001; 6.064
19; 42001; 5.629
20; 42001; 6.177
1; 43001; 3.223
2; 43001; 4.314
3; 43001; 3.558
4; 43001; 4.682
5; 43001; 5.87
6; 43001; 5.194
7; 43001; 5.8
8; 43001; 5.649
9; 43001; 3.98
10; 43001; 3.958
11; 43001; 3.11
12; 43001; 3.696
13; 43001; 4.553
14; 43001; 4.404
15; 43001; 5.126
16; 43001; 5.131
17; 43001; 4.704
18; 43001; 7.302
19; 43001; 4.393
20; 43001; 7.038
1; 44001; 4.335
2; 44001; 2.71
3; 44001; 2.796
4; 44001; 2.738
5; 44001; 2.767
6; 44001; 3.37
7; 44001; 3.58
8; 44001; 3.274
9; 44001; 3.814
10; 44001; 5.597
11; 44001; 3.92
12; 44001; 3.796
13; 44001; 5.795
14; 44001; 3.295
15; 44001; 4.388
16; 44001; 4.628
17; 44001; 6.855
18; 44001; 4.021
19; 44001; 3.704
20; 44001; 3.523
1; 45001; 4.428
2; 45001; 4.893
3; 45001; 4.774
4; 45001; 3.983
5; 45001; 3.937
6; 45001; 3.951
7; 45001; 3.499
8; 45001; 4.27
9; 45001; 4.207
10; 45001; 4.953
11; 45001; 4.101
12; 45001; 4.206
13; 45001; 4.727
14; 45001; 5.066
15; 45001; 3.917
16; 45001; 3.736
17; 45001; 3.798
18; 45001; 4.314
19; 45001; 3.92
20; 45001; 5.215
1; 46001; 4.44
2; 46001; 4.762
3; 46001; 2.828
4; 46001; 3.487
5; 46001; 3.513
6; 46001; 3.607
7; 46001; 4.362
8; 46001; 3.652
9; 46001; 3.866
10; 46001; 3.091
11; 46001; 3.094
12; 46001; 5.061
13; 46001; 4.296
14; 46001; 4.12
15; 46001; 5.26
16; 46001; 4.056
17; 46001; 6.558
18; 46001; 8.181
19; 46001; 4.477
20; 46001; 6.027
1; 47001; 4.703
2; 47001; 4.308
3; 47001; 4.357
4; 47001; 4.327
5; 47001; 3.902
6; 47001; 3.42
7; 47001; 3.028
8; 47001; 4.412
9; 47001; 4.318
10; 47001; 4.486
11; 47001; 3.761
12; 47001; 5.118
13; 47001; 5.712
14; 47001; 5.03
15; 47001; 4.058
16; 47001; 5.35
17; 47001; 4.557
18; 47001; 8.791
19; 47001; 6.455
20; 47001; 8.981
1; 48001; 2.877
2; 48001; 3.656
3; 48001; 3.684
4; 48001; 3.711
5; 48001; 3.394
6; 48001; 3.749
7; 48001; 3.061
8; 48001; 3.933
9; 48001; 4.058
10; 48001; 4.944
11; 48001; 4.715
12; 48001; 3.823
13; 48001; 6.427
14; 48001; 6.279
15; 48001; 6.221
16; 48001; 5.766
17; 48001; 5.749
18; 48001; 4.952
19; 48001; 4.343
20; 48001; 3.502
1; 49001; 2.815
2; 49001; 2.958
3; 49001; 3.174
4; 49001; 3.515
5; 49001; 4.124
6; 49001; 3.244
7; 49001; 5.973
8; 49001; 5.455
9; 49001; 4.356
10; 49001; 4.174
11; 49001; 4.457
12; 49001; 5.56
13; 49001; 5.583
14; 49001; 4.446
15; 49001; 4.531
16; 49001; 7.076
17; 49001; 7.405
18; 49001; 5.048
19; 49001; 4.411
20; 49001; 4.549
1; 50001; 4.948
2; 50001; 3.627
3; 50001; 3.742
4; 50001; 4.06
5; 50001; 3.908
6; 50001; 5.425
7; 50001; 5.503
8; 50001; 3.286
9; 50001; 4.041
10; 50001; 4.744
11; 50001; 3.86
12; 50001; 4.027
13; 50001; 4.421
14; 50001; 3.641
15; 50001; 4.327
16; 50001; 6.166
17; 50001; 4.803
18; 50001; 4.971
19; 50001; 4.684
20; 50001; 4.57
1; 51001; 4.725
2; 51001; 4.564
3; 51001; 3.591
4; 51001; 3.693
5; 51001; 3.476
6; 51001; 3.569
7; 51001; 3.517
8; 51001; 3.534
9; 51001; 3.794
10; 51001; 4.702
11; 51001; 5.06
12; 51001; 4.598
13; 51001; 7.475
14; 51001; 4.389
15; 51001; 7.094
16; 51001; 7.018
17; 51001; 7.241
18; 51001; 5.621
19; 51001; 5.226
20; 51001; 5.047
1; 52001; 5.233
2; 52001; 5.468
3; 52001; 3.473
4; 52001; 3.405
5; 52001; 3.716
6; 52001; 3.639
7; 52001; 4.405
8; 52001; 4.353
9; 52001; 3.933
10; 52001; 4.326
11; 52001; 3.985
12; 52001; 3.552
13; 52001; 4.129
14; 52001; 4.296
15; 52001; 4.225
16; 52001; 5.028
17; 52001; 4.283
18; 52001; 3.989
19; 52001; 4.46
20; 52001; 4.838
1; 53001; 3.319
2; 53001; 3.512
3; 53001; 3.468
4; 53001; 5.152
5; 53001; 3.714
6; 53001; 4.432
7; 53001; 3.993
8; 53001; 3.886
9; 53001; 4.095
10; 53001; 5.723
11; 53001; 4.93
12; 53001; 5.187
13; 53001; 4.182
14; 53001; 5.737
15; 53001; 6.201
16; 53001; 7.231
17; 53001; 6.364
18; 53001; 4.075
19; 53001; 6.387
20; 53001; 6.797
1; 54001; 3.428
2; 54001; 3.263
3; 54001; 3.302
4; 54001; 3.491
5; 54001; 3.531
6; 54001; 3.528
7; 54001; 3.557
8; 54001; 3.582
9; 54001; 3.609
10; 54001; 3.616
11; 54001; 3.939
12; 54001; 5.188
13; 54001; 6.739
14; 54001; 6.147
15; 54001; 5.21
16; 54001; 5.144
17; 54001; 5.669
18; 54001; 6.406
19; 54001; 5.106
20; 54001; 7.145
1; 55001; 5.516
2; 55001; 4.809
3; 55001; 3.243
4; 55001; 3.564
5; 55001; 3.755
6; 55001; 3.807
7; 55001; 3.802
8; 55001; 5.675
9; 55001; 5.404
10; 55001; 4.105
11; 55001; 4.513
12; 55001; 4.954
13; 55001; 6.229
14; 55001; 8.638
15; 55001; 6.134
16; 55001; 4.57
17; 55001; 5.359
18; 55001; 5.154
19; 55001; 5.62
20; 55001; 5.917
1; 56001; 4.265
2; 56001; 3.689
3; 56001; 3.621
4; 56001; 3.763
5; 56001; 3.752
6; 56001; 3.869
7; 56001; 4.226
8; 56001; 4.742
9; 56001; 5.502
10; 56001; 5.49
11; 56001; 6.56
12; 56001; 6.504
13; 56001; 3.985
14; 56001; 5.189
15; 56001; 7.499
16; 56001; 6.615
17; 56001; 4.626
18; 56001; 6.64
19; 56001; 5.115
20; 56001; 6.26
1; 57001; 5.779
2; 57001; 4.176
3; 57001; 4.339
4; 57001; 5.595
5; 57001; 5.317
6; 57001; 4.797
7; 57001; 6.051
8; 57001; 4.168
9; 57001; 4.576
10; 57001; 5.678
11; 57001; 6.192
12; 57001; 4.903
13; 57001; 6.986
14; 57001; 5.562
15; 57001; 5.137
16; 57001; 6.423
17; 57001; 6.326
18; 57001; 6.773
19; 57001; 4.567
20; 57001; 4.106
1; 58001; 3.545
2; 58001; 3.87
3; 58001; 4.557
4; 58001; 4.204
5; 58001; 6.328
6; 58001; 5.001
7; 58001; 3.839
8; 58001; 4.091
9; 58001; 6.348
10; 58001; 5.483
11; 58001; 4.365
12; 58001; 5.331
13; 58001; 6.877
14; 58001; 5.108
15; 58001; 5.014
16; 58001; 5.488
17; 58001; 5.437
18; 58001; 5.363
19; 58001; 5.973
20; 58001; 4.646
1; 59001; 3.433
2; 59001; 3.59
3; 59001; 3.583
4; 59001; 3.679
5; 59001; 4.181
6; 59001; 3.924
7; 59001; 4.473
8; 59001; 4.913
9; 59001; 5.252
10; 59001; 4.459
11; 59001; 5.723
12; 59001; 4.736
13; 59001; 7.017
14; 59001; 7.497
15; 59001; 4.262
16; 59001; 5.862
17; 59001; 5.454
18; 59001; 4.701
19; 59001; 5.274
20; 59001; 4.736
1; 60001; 3.333
2; 60001; 3.438
3; 60001; 3.721
4; 60001; 3.836
5; 60001; 3.869
6; 60001; 4.134
7; 60001; 4.593
8; 60001; 3.665
9; 60001; 5.562
10; 60001; 6.789
11; 60001; 4.612
12; 60001; 4.131
13; 60001; 4.141
14; 60001; 4.211
15; 60001; 4.318
16; 60001; 5.146
17; 60001; 4.786
18; 60001; 4.063
19; 60001; 3.978
20; 60001; 4.6
1; 61001; 6.22
2; 61001; 4.876
3; 61001; 4.876
4; 61001; 6.212
5; 61001; 5.877
6; 61001; 6.482
7; 61001; 8.236
8; 61001; 4.674
9; 61001; 5.05
10; 61001; 5.127
11; 61001; 5.197
12; 61001; 6.706
13; 61001; 4.215
14; 61001; 4.522
15; 61001; 4.859
16; 61001; 4.347
17; 61001; 5.364
18; 61001; 5.677
19; 61001; 6.373
20; 61001; 5.68
1; 62001; 4.223
2; 62001; 4.091
3; 62001; 4.105
4; 62001; 4.142
5; 62001; 4.254
6; 62001; 3.967
7; 62001; 4.015
8; 62001; 3.983
9; 62001; 5.002
10; 62001; 4.488
11; 62001; 6.634
12; 62001; 5.359
13; 62001; 6.122
14; 62001; 4.626
15; 62001; 5.457
16; 62001; 5.704
17; 62001; 5.53
18; 62001; 5.18
19; 62001; 7.61
20; 62001; 8.181
1; 63001; 4.902
2; 63001; 4.086
3; 63001; 4.095
4; 63001; 4.104
5; 63001; 4.167
6; 63001; 4.274
7; 63001; 4.257
8; 63001; 4.121
9; 63001; 7.153
10; 63001; 6.588
11; 63001; 7.064
12; 63001; 6.751
13; 63001; 6.773
14; 63001; 5.566
15; 63001; 5.382
16; 63001; 5.045
17; 63001; 7.42
18; 63001; 5.535
19; 63001; 7.567
20; 63001; 6.894
1; 64001; 6.907
2; 64001; 5.348
3; 64001; 5.189
4; 64001; 5.163
5; 64001; 4.853
6; 64001; 4.581
7; 64001; 6.46
8; 64001; 6.289
9; 64001; 6.336
10; 64001; 8.738
11; 64001; 6.425
12; 64001; 9.058
13; 64001; 6.558
14; 64001; 6.496
15; 64001; 7.481
16; 64001; 4.814
17; 64001; 4.494
18; 64001; 7.49
19; 64001; 5.432
20; 64001; 6.816
1; 65001; 4.11
2; 65001; 6.972
3; 65001; 5.005
4; 65001; 4.118
5; 65001; 4.258
6; 65001; 4.281
7; 65001; 4.199
8; 65001; 4.774
9; 65001; 4.797
10; 65001; 4.997
11; 65001; 6.721
12; 65001; 7.209
13; 65001; 4.05
14; 65001; 5.075
15; 65001; 6.251
16; 65001; 6.151
17; 65001; 5.081
18; 65001; 4.354
19; 65001; 4.584
20; 65001; 6.239
1; 66001; 6.854
2; 66001; 4.678
3; 66001; 4.062
4; 66001; 4.461
5; 66001; 5.063
6; 66001; 4.875
7; 66001; 4.375
8; 66001; 7.407
9; 66001; 5.729
10; 66001; 4.986
11; 66001; 6.157
12; 66001; 5.553
13; 66001; 5.208
14; 66001; 4.836
15; 66001; 6.108
16; 66001; 5.024
17; 66001; 5.165
18; 66001; 5.209
19; 66001; 7.478
20; 66001; 6.593
1; 67001; 6.514
2; 67001; 6.117
3; 67001; 4.31
4; 67001; 4.352
5; 67001; 4.423
6; 67001; 7.862
7; 67001; 4.441
8; 67001; 4.947
9; 67001; 7.584
10; 67001; 5.832
11; 67001; 6.043
12; 67001; 8.387
13; 67001; 7.488
14; 67001; 8.298
15; 67001; 5.151
16; 67001; 6.232
17; 67001; 5.129
18; 67001; 6.537
19; 67001; 6.981
20; 67001; 9.287
1; 68001; 7.071
2; 68001; 4.59
3; 68001; 4.168
4; 68001; 4.344
5; 68001; 4.813
6; 68001; 4.663
7; 68001; 5.158
8; 68001; 5.804
9; 68001; 4.551
10; 68001; 6.282
11; 68001; 5.164
12; 68001; 4.28
13; 68001; 5.07
14; 68001; 4.855
15; 68001; 4.647
16; 68001; 3.379
17; 68001; 5.927
18; 68001; 7.01
19; 68001; 5.735
20; 68001; 5.505
1; 69001; 7.199
2; 69001; 8.018
3; 69001; 4.132
4; 69001; 4.019
5; 69001; 4.151
6; 69001; 5.159
7; 69001; 4.903
8; 69001; 6.892
9; 69001; 7.831
10; 69001; 7.378
11; 69001; 7.007
12; 69001; 7.711
13; 69001; 5.422
14; 69001; 6.287
15; 69001; 5.776
16; 69001; 7.093
17; 69001; 6.104
18; 69001; 6.305
19; 69001; 6.2
20; 69001; 6.57
1; 70001; 5.658
2; 70001; 7.276
3; 70001; 5.553
4; 70001; 5.713
5; 70001; 4.569
6; 70001; 5.082
7; 70001; 8.204
8; 70001; 6.876
9; 70001; 7.509
10; 70001; 7.588
11; 70001; 5.442
12; 70001; 5.371
13; 70001; 6.125
14; 70001; 5.109
15; 70001; 5.828
16; 70001; 5.782
17; 70001; 6.539
18; 70001; 6.166
19; 70001; 5.627
20; 70001; 8.76
1; 71001; 6.123
2; 71001; 5.855
3; 71001; 4.251
4; 71001; 4.472
5; 71001; 4.229
6; 71001; 4.522
7; 71001; 6.094
8; 71001; 5.773
9; 71001; 5.961
10; 71001; 7.97
11; 71001; 6.749
12; 71001; 5.66
13; 71001; 6.498
14; 71001; 5.666
15; 71001; 6.648
16; 71001; 8.322
17; 71001; 8.471
18; 71001; 4.812
19; 71001; 5.929
20; 71001; 4.872
1; 72001; 5.819
2; 72001; 5.676
3; 72001; 7.812
4; 72001; 5.898
5; 72001; 5.212
6; 72001; 4.831
7; 72001; 4.751
8; 72001; 8.009
9; 72001; 7.69
10; 72001; 7.89
11; 72001; 6.001
12; 72001; 4.877
13; 72001; 5.533
14; 72001; 8.183
15; 72001; 9.525
16; 72001; 8.179
17; 72001; 8.11
18; 72001; 5.753
19; 72001; 6.782
20; 72001; 5.675
1; 73001; 7.594
2; 73001; 4.638
3; 73001; 4.496
4; 73001; 4.505
5; 73001; 4.521
6; 73001; 5.427
7; 73001; 4.963
8; 73001; 4.941
9; 73001; 5.873
10; 73001; 5.896
11; 73001; 7.442
12; 73001; 4.654
13; 73001; 5.791
14; 73001; 5.28
15; 73001; 5.634
16; 73001; 6.014
17; 73001; 6.134
18; 73001; 7.399
19; 73001; 6.209
20; 73001; 5.756
1; 74001; 4.449
2; 74001; 7.065
3; 74001; 7.561
4; 74001; 4.985
5; 74001; 4.643
6; 74001; 4.589
7; 74001; 6.107
8; 74001; 8.257
9; 74001; 5.542
10; 74001; 6.92
11; 74001; 6.23
12; 74001; 7.043
13; 74001; 7.972
14; 74001; 7.687
15; 74001; 8.662
16; 74001; 8.782
17; 74001; 6.278
18; 74001; 7.126
19; 74001; 6.889
20; 74001; 5.582
1; 75001; 5.064
2; 75001; 5.103
3; 75001; 4.104
4; 75001; 4.589
5; 75001; 4.167
6; 75001; 4.796
7; 75001; 6.581
8; 75001; 5.987
9; 75001; 6.292
10; 75001; 6.598
11; 75001; 5.823
12; 75001; 6.399
13; 75001; 6.413
14; 75001; 9.3
15; 75001; 8.029
16; 75001; 5.556
17; 75001; 8.743
18; 75001; 5.469
19; 75001; 5.884
20; 75001; 4.825
1; 76001; 4.57
2; 76001; 4.72
3; 76001; 4.616
4; 76001; 4.338
5; 76001; 4.802
6; 76001; 6.196
7; 76001; 5.393
8; 76001; 4.766
9; 76001; 6.811
10; 76001; 5.883
11; 76001; 7.277
12; 76001; 5.148
13; 76001; 5.678
14; 76001; 9.017
15; 76001; 8.049
16; 76001; 4.846
17; 76001; 4.867
18; 76001; 5.048
19; 76001; 5.847
20; 76001; 6.037
1; 77001; 8.691
2; 77001; 5.076
3; 77001; 4.489
4; 77001; 5.703
5; 77001; 4.603
6; 77001; 5.835
7; 77001; 5.392
8; 77001; 5.372
9; 77001; 6.45
10; 77001; 7.542
11; 77001; 6.503
12; 77001; 8.042
13; 77001; 7.143
14; 77001; 6.668
15; 77001; 10.669
16; 77001; 8.685
17; 77001; 9.514
18; 77001; 5.395
19; 77001; 5.955
20; 77001; 5.15
1; 78001; 5.177
2; 78001; 5.116
3; 78001; 4.685
4; 78001; 4.525
5; 78001; 5.168
6; 78001; 5.726
7; 78001; 6.0
8; 78001; 6.891
9; 78001; 6.68
10; 78001; 8.938
11; 78001; 7.419
12; 78001; 7.301
13; 78001; 8.758
14; 78001; 8.525
15; 78001; 5.849
16; 78001; 6.869
17; 78001; 8.245
18; 78001; 8.326
19; 78001; 8.613
20; 78001; 11.759
1; 79001; 5.049
2; 79001; 4.968
3; 79001; 4.911
4; 79001; 5.441
5; 79001; 5.859
6; 79001; 5.087
7; 79001; 7.923
8; 79001; 8.564
9; 79001; 6.332
10; 79001; 6.023
11; 79001; 9.025
12; 79001; 9.044
13; 79001; 8.823
14; 79001; 8.32
15; 79001; 10.327
16; 79001; 9.285
17; 79001; 5.774
18; 79001; 7.541
19; 79001; 6.362
20; 79001; 7.229
1; 80001; 5.245
2; 80001; 4.873
3; 80001; 8.597
4; 80001; 7.294
5; 80001; 6.264
6; 80001; 6.063
7; 80001; 5.845
8; 80001; 5.94
9; 80001; 6.503
10; 80001; 6.774
11; 80001; 6.674
12; 80001; 6.375
13; 80001; 11.789
14; 80001; 5.208
15; 80001; 5.612
16; 80001; 8.087
17; 80001; 9.411
18; 80001; 5.949
19; 80001; 6.369
20; 80001; 7.891
1; 81001; 7.377
2; 81001; 5.545
3; 81001; 10.988
4; 81001; 4.882
5; 81001; 4.676
6; 81001; 6.047
7; 81001; 6.21
8; 81001; 6.796
9; 81001; 6.176
10; 81001; 7.177
11; 81001; 5.852
12; 81001; 6.795
13; 81001; 8.171
14; 81001; 8.998
15; 81001; 7.604
16; 81001; 8.386
17; 81001; 9.619
18; 81001; 6.032
19; 81001; 6.447
20; 81001; 6.921
1; 82001; 8.675
2; 82001; 5.216
3; 82001; 6.214
4; 82001; 5.659
5; 82001; 4.983
6; 82001; 5.949
7; 82001; 6.402
8; 82001; 9.191
9; 82001; 4.596
10; 82001; 5.851
11; 82001; 6.081
12; 82001; 6.124
13; 82001; 6.618
14; 82001; 10.086
15; 82001; 9.517
16; 82001; 6.645
17; 82001; 6.901
18; 82001; 7.337
19; 82001; 10.521
20; 82001; 6.822
1; 83001; 8.613
2; 83001; 6.131
3; 83001; 4.981
4; 83001; 5.668
5; 83001; 7.096
6; 83001; 5.977
7; 83001; 7.277
8; 83001; 7.879
9; 83001; 6.283
10; 83001; 6.933
11; 83001; 9.758
12; 83001; 5.785
13; 83001; 9.435
14; 83001; 7.657
15; 83001; 9.701
16; 83001; 6.23
17; 83001; 5.407
18; 83001; 5.706
19; 83001; 5.991
20; 83001; 8.02
1; 84001; 8.957
2; 84001; 5.766
3; 84001; 5.037
4; 84001; 5.523
5; 84001; 5.862
6; 84001; 5.606
7; 84001; 5.357
8; 84001; 5.388
9; 84001; 6.131
10; 84001; 6.186
11; 84001; 6.243
12; 84001; 7.017
13; 84001; 6.223
14; 84001; 7.157
15; 84001; 6.761
16; 84001; 5.797
17; 84001; 6.506
18; 84001; 9.86
19; 84001; 5.736
20; 84001; 5.408
1; 85001; 4.942
2; 85001; 5.043
3; 85001; 5.259
4; 85001; 5.1
5; 85001; 6.932
6; 85001; 6.313
7; 85001; 5.417
8; 85001; 6.288
9; 85001; 6.891
10; 85001; 7.022
11; 85001; 7.091
12; 85001; 6.461
13; 85001; 6.984
14; 85001; 5.982
15; 85001; 6.447
16; 85001; 6.441
17; 85001; 7.023
18; 85001; 7.543
19; 85001; 7.962
20; 85001; 7.877
1; 86001; 6.305
2; 86001; 8.274
3; 86001; 6.522
4; 86001; 6.705
5; 86001; 5.871
6; 86001; 6.424
7; 86001; 6.12
8; 86001; 7.043
9; 86001; 7.055
10; 86001; 6.595
11; 86001; 6.235
12; 86001; 7.725
13; 86001; 6.139
14; 86001; 6.533
15; 86001; 6.191
16; 86001; 7.743
17; 86001; 9.22
18; 86001; 6.998
19; 86001; 7.198
20; 86001; 6.721
1; 87001; 5.266
2; 87001; 5.71
3; 87001; 5.873
4; 87001; 5.999
5; 87001; 5.407
6; 87001; 5.475
7; 87001; 10.175
8; 87001; 10.928
9; 87001; 6.022
10; 87001; 9.092
11; 87001; 5.858
12; 87001; 6.456
13; 87001; 6.769
14; 87001; 8.656
15; 87001; 6.091
16; 87001; 5.671
17; 87001; 8.081
18; 87001; 10.608
19; 87001; 7.908
20; 87001; 7.932
1; 88001; 6.969
2; 88001; 6.804
3; 88001; 4.991
4; 88001; 6.82
5; 88001; 5.636
6; 88001; 5.577
7; 88001; 6.3
8; 88001; 6.528
9; 88001; 7.138
10; 88001; 6.722
11; 88001; 6.038
12; 88001; 9.114
13; 88001; 10.856
14; 88001; 9.347
15; 88001; 10.108
16; 88001; 9.169
17; 88001; 7.041
18; 88001; 7.741
19; 88001; 7.327
20; 88001; 7.939
1; 89001; 9.42
2; 89001; 5.791
3; 89001; 5.584
4; 89001; 6.332
5; 89001; 5.651
6; 89001; 6.475
7; 89001; 7.824
8; 89001; 6.864
9; 89001; 6.15
10; 89001; 6.922
11; 89001; 7.101
12; 89001; 6.139
13; 89001; 7.211
14; 89001; 11.304
15; 89001; 6.201
16; 89001; 7.682
17; 89001; 6.919
18; 89001; 6.388
19; 89001; 6.88
20; 89001; 9.814
1; 90001; 8.233
2; 90001; 5.284
3; 90001; 5.51
4; 90001; 6.338
5; 90001; 6.137
6; 90001; 5.966
7; 90001; 6.417
8; 90001; 5.763
9; 90001; 10.14
10; 90001; 10.011
11; 90001; 10.503
12; 90001; 12.507
13; 90001; 6.686
14; 90001; 7.243
15; 90001; 6.839
16; 90001; 7.196
17; 90001; 6.74
18; 90001; 7.637
19; 90001; 10.111
20; 90001; 6.531
1; 91001; 6.588
2; 91001; 5.456
3; 91001; 5.417
4; 91001; 5.994
5; 91001; 5.755
6; 91001; 5.679
7; 91001; 6.171
8; 91001; 6.373
9; 91001; 6.837
10; 91001; 6.74
11; 91001; 6.517
12; 91001; 7.479
13; 91001; 6.48
14; 91001; 6.351
15; 91001; 7.349
16; 91001; 6.125
17; 91001; 8.047
18; 91001; 6.607
19; 91001; 7.478
20; 91001; 7.546
1; 92001; 6.097
2; 92001; 5.966
3; 92001; 5.849
4; 92001; 5.867
5; 92001; 6.669
6; 92001; 6.273
7; 92001; 7.609
8; 92001; 6.989
9; 92001; 9.895
10; 92001; 5.449
11; 92001; 5.672
12; 92001; 6.358
13; 92001; 7.043
14; 92001; 7.958
15; 92001; 7.239
16; 92001; 6.486
17; 92001; 5.971
18; 92001; 6.736
19; 92001; 6.997
20; 92001; 6.502
1; 93001; 5.496
2; 93001; 5.547
3; 93001; 10.81
4; 93001; 7.474
5; 93001; 6.229
6; 93001; 5.833
7; 93001; 6.256
8; 93001; 7.768
9; 93001; 6.669
10; 93001; 6.185
11; 93001; 6.997
12; 93001; 7.869
13; 93001; 6.47
14; 93001; 8.059
15; 93001; 8.668
16; 93001; 7.199
17; 93001; 5.5
18; 93001; 7.056
19; 93001; 6.303
20; 93001; 9.104
1; 94001; 8.127
2; 94001; 7.902
3; 94001; 7.555
4; 94001; 5.757
5; 94001; 5.578
6; 94001; 5.853
7; 94001; 6.257
8; 94001; 6.15
9; 94001; 10.117
10; 94001; 6.127
11; 94001; 6.97
12; 94001; 7.183
13; 94001; 10.692
14; 94001; 6.618
15; 94001; 7.007
16; 94001; 5.997
17; 94001; 7.104
18; 94001; 7.772
19; 94001; 6.947
20; 94001; 6.402
1; 95001; 10.11
2; 95001; 8.504
3; 95001; 5.494
4; 95001; 5.399
5; 95001; 5.64
6; 95001; 7.05
7; 95001; 7.425
8; 95001; 9.439
9; 95001; 4.886
10; 95001; 4.364
11; 95001; 7.45
12; 95001; 12.826
13; 95001; 12.231
14; 95001; 8.23
15; 95001; 7.026
16; 95001; 10.955
17; 95001; 7.379
18; 95001; 7.459
19; 95001; 7.754
20; 95001; 7.323
1; 96001; 6.122
2; 96001; 6.215
3; 96001; 5.697
4; 96001; 5.86
5; 96001; 6.355
6; 96001; 6.513
7; 96001; 6.766
8; 96001; 7.03
9; 96001; 12.058
10; 96001; 8.05
11; 96001; 7.781
12; 96001; 6.88
13; 96001; 6.894
14; 96001; 7.084
15; 96001; 7.408
16; 96001; 8.224
17; 96001; 10.777
18; 96001; 6.421
19; 96001; 7.449
20; 96001; 9.187
1; 97001; 6.971
2; 97001; 3.808
3; 97001; 7.986
4; 97001; 5.198
5; 97001; 5.228
6; 97001; 5.628
7; 97001; 8.718
8; 97001; 6.5
9; 97001; 6.304
10; 97001; 6.18
11; 97001; 10.147
12; 97001; 9.736
13; 97001; 9.552
14; 97001; 7.075
15; 97001; 11.944
16; 97001; 9.644
17; 97001; 12.084
18; 97001; 7.146
19; 97001; 6.927
20; 97001; 6.532
1; 98001; 10.491
2; 98001; 6.766
3; 98001; 5.556
4; 98001; 5.692
5; 98001; 5.808
6; 98001; 5.782
7; 98001; 7.132
8; 98001; 10.599
9; 98001; 7.295
10; 98001; 8.423
11; 98001; 7.013
12; 98001; 6.497
13; 98001; 11.997
14; 98001; 9.764
15; 98001; 7.842
16; 98001; 6.421
17; 98001; 10.239
18; 98001; 9.996
19; 98001; 7.493
20; 98001; 7.634
1; 99001; 6.305
2; 99001; 6.236
3; 99001; 5.888
4; 99001; 6.381
5; 99001; 6.033
6; 99001; 7.578
7; 99001; 6.294
8; 99001; 7.089
9; 99001; 6.822
10; 99001; 6.444
11; 99001; 12.106
12; 99001; 8.125
13; 99001; 13.385
14; 99001; 7.309
15; 99001; 6.572
16; 99001; 7.9
17; 99001; 7.301
18; 99001; 6.195
19; 99001; 7.742
20; 99001; 7.358
