0.119 | 0.25; 1
0.162 | 0.332; 1001
0.121 | 0.254; 2001
0.15 | 0.301; 3001
0.179 | 0.288; 4001
0.21 | 0.338; 5001
0.236 | 0.528; 6001
0.313 | 0.603; 7001
0.379 | 0.663; 8001
0.409 | 0.834; 9001
0.599 | 0.672; 10001
0.655 | 0.988; 11001
0.534 | 0.92; 12001
0.575 | 0.992; 13001
0.546 | 0.928; 14001
0.584 | 1.002; 15001
0.609 | 1.038; 16001
0.658 | 1.097; 17001
0.679 | 1.104; 18001
0.689 | 1.149; 19001
0.715 | 1.269; 20001
0.785 | 1.328; 21001
0.835 | 1.454; 22001
0.824 | 1.36; 23001
0.897 | 1.428; 24001
0.877 | 1.478; 25001
0.925 | 1.551; 26001
0.968 | 1.628; 27001
1.635 | 1.685; 28001
1.041 | 2.176; 29001
1.35 | 1.749; 30001
1.055 | 1.763; 31001
1.11 | 1.937; 32001
1.189 | 2.038; 33001
1.221 | 2.04; 34001
1.285 | 2.109; 35001
1.31 | 2.19; 36001
1.345 | 2.293; 37001
1.399 | 2.088; 38001
1.297 | 2.158; 39001
1.395 | 2.475; 40001
1.515 | 2.495; 41001
1.558 | 2.611; 42001
1.599 | 2.549; 43001
1.584 | 2.611; 44001
1.594 | 2.652; 45001
1.646 | 2.725; 46001
2.791 | 2.786; 47001
1.748 | 2.864; 48001
2.335 | 3.877; 49001
1.633 | 3.39; 50001
1.775 | 4.387; 51001
2.668 | 4.345; 52001
1.925 | 3.169; 53001
1.964 | 3.255; 54001
3.382 | 5.616; 55001
2.251 | 3.094; 56001
1.893 | 3.289; 57001
2.165 | 3.613; 58001
2.177 | 3.623; 59001
2.21 | 3.684; 60001
2.246 | 3.743; 61001
2.211 | 3.613; 62001
2.212 | 3.868; 63001
2.36 | 3.923; 64001
2.405 | 4.032; 65001
2.352 | 3.889; 66001
2.37 | 4.062; 67001
2.545 | 4.135; 68001
2.589 | 4.272; 69001
2.604 | 4.35; 70001
2.527 | 4.34; 71001
2.69 | 4.494; 72001
2.594 | 4.31; 73001
2.628 | 4.411; 74001
2.68 | 4.652; 75001
2.871 | 4.751; 76001
2.886 | 4.394; 77001
2.724 | 4.669; 78001
2.829 | 4.957; 79001
4.756 | 6.573; 80001
4.307 | 4.44; 81001
2.698 | 5.143; 82001
3.142 | 5.103; 83001
3.019 | 5.019; 84001
3.067 | 5.16; 85001
3.143 | 5.144; 86001
3.136 | 5.039; 87001
3.02 | 5.553; 88001
3.391 | 5.267; 89001
3.115 | 5.146; 90001
3.142 | 5.23; 91001
3.305 | 5.516; 92001
3.353 | 5.339; 93001
3.263 | 5.954; 94001
3.617 | 5.484; 95001
3.325 | 5.53; 96001
3.352 | 5.575; 97001
3.429 | 5.742; 98001
3.431 | 5.747; 99001
