0 | 1; 2
0 | 0; 3
0 | 0; 4
0 | 0; 5
0 | 1; 6
0 | 0; 7
0 | 0; 8
0 | 0; 9
0 | 0; 10
0 | 1; 20
0 | 0; 30
0 | 0; 40
0 | 0; 50
0 | 0; 60
0 | 0; 70
0 | 0; 80
0 | 0; 90
0 | 0; 100
0 | 1; 200
0 | 0; 300
0 | 1; 400
0 | 0; 500
0 | 0; 600
1 | 0; 700
0 | 0; 800
1 | 0; 900
0 | 0; 1000
1 | 0; 2000
0 | 1; 3000
0 | 1; 4000
0 | 1; 5000
1 | 1; 6000
1 | 1; 7000
1 | 0; 8000
0 | 0; 9000
0 | 1; 10000
1 | 1; 20000
1 | 1; 30000
2 | 1; 40000
2 | 2; 50000
2 | 2; 60000
2 | 3; 70000
2 | 3; 80000
3 | 4; 90000
3 | 3; 100000
7 | 7; 200000
10 | 10; 300000
14 | 13; 400000
18 | 17; 500000
20 | 20; 600000
24 | 25; 700000
29 | 30; 800000
35 | 32; 900000
37 | 34; 1000000
73 | 73; 2000000
109 | 112; 3000000
149 | 157; 4000000
193 | 197; 5000000
226 | 236; 6000000
273 | 273; 7000000
317 | 311; 8000000
358 | 348; 9000000
395 | 385; 10000000
813 | 797; 20000000
1268 | 1269; 30000000
1629 | 1703; 40000000
2073 | 2032; 50000000
2475 | 2465; 60000000
2898 | 2897; 70000000
3296 | 3310; 80000000
3768 | 3984; 90000000
4394 | 4187; 100000000
