1; 2; 0
1; 3; 0
1; 4; 0
1; 5; 0
1; 6; 0
1; 7; 0
1; 8; 0
1; 9; 0
1; 10; 0
1; 20; 0
1; 30; 0
1; 40; 0
1; 50; 0
1; 60; 0
1; 70; 1
1; 80; 0
1; 90; 0
1; 100; 0
1; 200; 0
1; 300; 1
1; 400; 0
1; 500; 0
1; 600; 0
1; 700; 0
1; 800; 0
1; 900; 0
1; 1000; 0
1; 2000; 0
1; 3000; 0
1; 4000; 0
1; 5000; 1
1; 6000; 1
1; 7000; 1
1; 8000; 1
1; 9000; 1
1; 10000; 1
1; 20000; 2
1; 30000; 3
1; 40000; 2
1; 50000; 2
1; 60000; 2
1; 70000; 2
1; 80000; 3
1; 90000; 3
1; 100000; 4
1; 200000; 7
1; 300000; 10
1; 400000; 14
1; 500000; 17
1; 600000; 22
1; 700000; 27
1; 800000; 29
1; 900000; 34
1; 1000000; 36
1; 2000000; 73
1; 3000000; 118
1; 4000000; 171
1; 5000000; 198
1; 6000000; 243
1; 7000000; 266
1; 8000000; 310
1; 9000000; 352
1; 10000000; 392
1; 20000000; 800
1; 30000000; 1206
1; 40000000; 1617
1; 50000000; 2111
1; 60000000; 2456
1; 70000000; 2952
1; 80000000; 3346
1; 90000000; 3771
1; 100000000; 4128
2; 2; 0
2; 3; 0
2; 4; 2
2; 5; 1
2; 6; 0
2; 7; 0
2; 8; 0
2; 9; 0
2; 10; 0
2; 20; 1
2; 30; 0
2; 40; 0
2; 50; 0
2; 60; 0
2; 70; 1
2; 80; 0
2; 90; 1
2; 100; 0
2; 200; 0
2; 300; 1
2; 400; 0
2; 500; 1
2; 600; 0
2; 700; 0
2; 800; 1
2; 900; 0
2; 1000; 1
2; 2000; 0
2; 3000; 0
2; 4000; 0
2; 5000; 0
2; 6000; 0
2; 7000; 1
2; 8000; 0
2; 9000; 1
2; 10000; 1
2; 20000; 1
2; 30000; 1
2; 40000; 2
2; 50000; 2
2; 60000; 2
2; 70000; 3
2; 80000; 3
2; 90000; 3
2; 100000; 4
2; 200000; 7
2; 300000; 11
2; 400000; 16
2; 500000; 17
2; 600000; 22
2; 700000; 26
2; 800000; 29
2; 900000; 33
2; 1000000; 34
2; 2000000; 76
2; 3000000; 109
2; 4000000; 149
2; 5000000; 187
2; 6000000; 224
2; 7000000; 273
2; 8000000; 309
2; 9000000; 354
2; 10000000; 390
2; 20000000; 807
2; 30000000; 1205
2; 40000000; 1633
2; 50000000; 2040
2; 60000000; 2428
2; 70000000; 2925
2; 80000000; 3400
2; 90000000; 3810
2; 100000000; 4370
3; 2; 1
3; 3; 0
3; 4; 0
3; 5; 0
3; 6; 1
3; 7; 1
3; 8; 0
3; 9; 1
3; 10; 0
3; 20; 1
3; 30; 0
3; 40; 1
3; 50; 1
3; 60; 1
3; 70; 1
3; 80; 2
3; 90; 1
3; 100; 0
3; 200; 0
3; 300; 1
3; 400; 0
3; 500; 1
3; 600; 1
3; 700; 1
3; 800; 0
3; 900; 1
3; 1000; 0
3; 2000; 1
3; 3000; 1
3; 4000; 0
3; 5000; 1
3; 6000; 1
3; 7000; 1
3; 8000; 0
3; 9000; 1
3; 10000; 1
3; 20000; 1
3; 30000; 1
3; 40000; 2
3; 50000; 3
3; 60000; 3
3; 70000; 4
3; 80000; 4
3; 90000; 5
3; 100000; 4
3; 200000; 8
3; 300000; 12
3; 400000; 16
3; 500000; 21
3; 600000; 23
3; 700000; 26
3; 800000; 29
3; 900000; 33
3; 1000000; 39
3; 2000000; 80
3; 3000000; 118
3; 4000000; 157
3; 5000000; 188
3; 6000000; 235
3; 7000000; 276
3; 8000000; 311
3; 9000000; 391
3; 10000000; 416
3; 20000000; 806
3; 30000000; 1236
3; 40000000; 1652
3; 50000000; 2094
3; 60000000; 2514
3; 70000000; 2980
3; 80000000; 3445
3; 90000000; 3812
3; 100000000; 4229
4; 2; 1
4; 3; 0
4; 4; 1
4; 5; 0
4; 6; 0
4; 7; 1
4; 8; 1
4; 9; 0
4; 10; 0
4; 20; 1
4; 30; 1
4; 40; 0
4; 50; 1
4; 60; 0
4; 70; 0
4; 80; 1
4; 90; 0
4; 100; 1
4; 200; 0
4; 300; 0
4; 400; 0
4; 500; 1
4; 600; 1
4; 700; 0
4; 800; 0
4; 900; 1
4; 1000; 1
4; 2000; 0
4; 3000; 0
4; 4000; 1
4; 5000; 1
4; 6000; 1
4; 7000; 1
4; 8000; 1
4; 9000; 1
4; 10000; 1
4; 20000; 1
4; 30000; 2
4; 40000; 2
4; 50000; 2
4; 60000; 2
4; 70000; 3
4; 80000; 4
4; 90000; 3
4; 100000; 3
4; 200000; 8
4; 300000; 10
4; 400000; 14
4; 500000; 18
4; 600000; 27
4; 700000; 30
4; 800000; 37
4; 900000; 43
4; 1000000; 46
4; 2000000; 105
4; 3000000; 115
4; 4000000; 160
4; 5000000; 197
4; 6000000; 232
4; 7000000; 271
4; 8000000; 312
4; 9000000; 370
4; 10000000; 400
4; 20000000; 971
4; 30000000; 1276
4; 40000000; 1713
4; 50000000; 2306
4; 60000000; 2584
4; 70000000; 2979
4; 80000000; 3389
4; 90000000; 3857
4; 100000000; 4404
5; 2; 1
5; 3; 1
5; 4; 0
5; 5; 1
5; 6; 1
5; 7; 0
5; 8; 1
5; 9; 1
5; 10; 0
5; 20; 1
5; 30; 0
5; 40; 1
5; 50; 0
5; 60; 1
5; 70; 0
5; 80; 1
5; 90; 0
5; 100; 1
5; 200; 0
5; 300; 1
5; 400; 0
5; 500; 1
5; 600; 1
5; 700; 0
5; 800; 1
5; 900; 1
5; 1000; 0
5; 2000; 1
5; 3000; 1
5; 4000; 0
5; 5000; 1
5; 6000; 1
5; 7000; 1
5; 8000; 1
5; 9000; 1
5; 10000; 1
5; 20000; 1
5; 30000; 1
5; 40000; 1
5; 50000; 3
5; 60000; 2
5; 70000; 3
5; 80000; 4
5; 90000; 3
5; 100000; 5
5; 200000; 8
5; 300000; 12
5; 400000; 15
5; 500000; 19
5; 600000; 23
5; 700000; 27
5; 800000; 30
5; 900000; 34
5; 1000000; 41
5; 2000000; 75
5; 3000000; 125
5; 4000000; 182
5; 5000000; 210
5; 6000000; 242
5; 7000000; 276
5; 8000000; 312
5; 9000000; 346
5; 10000000; 394
5; 20000000; 813
5; 30000000; 1296
5; 40000000; 1650
5; 50000000; 2078
5; 60000000; 2605
5; 70000000; 3056
5; 80000000; 3376
5; 90000000; 3910
5; 100000000; 4440
6; 2; 0
6; 3; 0
6; 4; 1
6; 5; 0
6; 6; 1
6; 7; 0
6; 8; 1
6; 9; 1
6; 10; 0
6; 20; 1
6; 30; 0
6; 40; 1
6; 50; 0
6; 60; 1
6; 70; 0
6; 80; 1
6; 90; 0
6; 100; 1
6; 200; 0
6; 300; 1
6; 400; 0
6; 500; 1
6; 600; 0
6; 700; 1
6; 800; 1
6; 900; 1
6; 1000; 1
6; 2000; 0
6; 3000; 1
6; 4000; 1
6; 5000; 1
6; 6000; 1
6; 7000; 1
6; 8000; 0
6; 9000; 1
6; 10000; 1
6; 20000; 1
6; 30000; 2
6; 40000; 2
6; 50000; 2
6; 60000; 3
6; 70000; 3
6; 80000; 3
6; 90000; 3
6; 100000; 4
6; 200000; 8
6; 300000; 13
6; 400000; 15
6; 500000; 18
6; 600000; 25
6; 700000; 29
6; 800000; 28
6; 900000; 34
6; 1000000; 38
6; 2000000; 78
6; 3000000; 115
6; 4000000; 160
6; 5000000; 194
6; 6000000; 234
6; 7000000; 274
6; 8000000; 313
6; 9000000; 358
6; 10000000; 401
6; 20000000; 854
6; 30000000; 1221
6; 40000000; 1693
6; 50000000; 2138
6; 60000000; 2547
6; 70000000; 2912
6; 80000000; 3388
6; 90000000; 3793
6; 100000000; 4235
7; 2; 0
7; 3; 1
7; 4; 1
7; 5; 0
7; 6; 1
7; 7; 1
7; 8; 0
7; 9; 1
7; 10; 1
7; 20; 0
7; 30; 1
7; 40; 1
7; 50; 1
7; 60; 0
7; 70; 0
7; 80; 1
7; 90; 1
7; 100; 1
7; 200; 0
7; 300; 0
7; 400; 1
7; 500; 1
7; 600; 1
7; 700; 1
7; 800; 0
7; 900; 1
7; 1000; 1
7; 2000; 1
7; 3000; 1
7; 4000; 1
7; 5000; 1
7; 6000; 0
7; 7000; 0
7; 8000; 1
7; 9000; 1
7; 10000; 1
7; 20000; 1
7; 30000; 2
7; 40000; 2
7; 50000; 2
7; 60000; 3
7; 70000; 3
7; 80000; 3
7; 90000; 4
7; 100000; 4
7; 200000; 8
7; 300000; 13
7; 400000; 15
7; 500000; 19
7; 600000; 23
7; 700000; 31
7; 800000; 32
7; 900000; 32
7; 1000000; 37
7; 2000000; 76
7; 3000000; 116
7; 4000000; 156
7; 5000000; 191
7; 6000000; 231
7; 7000000; 281
7; 8000000; 307
7; 9000000; 357
7; 10000000; 395
7; 20000000; 813
7; 30000000; 1234
7; 40000000; 1645
7; 50000000; 2068
7; 60000000; 2471
7; 70000000; 2937
7; 80000000; 3377
7; 90000000; 3876
7; 100000000; 4225
8; 2; 1
8; 3; 1
8; 4; 0
8; 5; 1
8; 6; 1
8; 7; 0
8; 8; 0
8; 9; 1
8; 10; 1
8; 20; 1
8; 30; 1
8; 40; 1
8; 50; 1
8; 60; 0
8; 70; 1
8; 80; 1
8; 90; 1
8; 100; 0
8; 200; 1
8; 300; 1
8; 400; 0
8; 500; 1
8; 600; 1
8; 700; 0
8; 800; 0
8; 900; 1
8; 1000; 1
8; 2000; 0
8; 3000; 1
8; 4000; 1
8; 5000; 1
8; 6000; 1
8; 7000; 1
8; 8000; 0
8; 9000; 1
8; 10000; 1
8; 20000; 2
8; 30000; 1
8; 40000; 2
8; 50000; 2
8; 60000; 3
8; 70000; 3
8; 80000; 3
8; 90000; 6
8; 100000; 4
8; 200000; 7
8; 300000; 12
8; 400000; 17
8; 500000; 18
8; 600000; 21
8; 700000; 25
8; 800000; 30
8; 900000; 34
8; 1000000; 36
8; 2000000; 80
8; 3000000; 110
8; 4000000; 156
8; 5000000; 199
8; 6000000; 243
8; 7000000; 269
8; 8000000; 312
8; 9000000; 363
8; 10000000; 396
8; 20000000; 805
8; 30000000; 1219
8; 40000000; 1660
8; 50000000; 2102
8; 60000000; 2501
8; 70000000; 2954
8; 80000000; 3381
8; 90000000; 3806
8; 100000000; 4206
9; 2; 1
9; 3; 1
9; 4; 1
9; 5; 1
9; 6; 1
9; 7; 0
9; 8; 1
9; 9; 1
9; 10; 1
9; 20; 0
9; 30; 1
9; 40; 1
9; 50; 1
9; 60; 1
9; 70; 0
9; 80; 1
9; 90; 1
9; 100; 1
9; 200; 1
9; 300; 1
9; 400; 1
9; 500; 1
9; 600; 1
9; 700; 1
9; 800; 1
9; 900; 1
9; 1000; 1
9; 2000; 1
9; 3000; 1
9; 4000; 1
9; 5000; 1
9; 6000; 0
9; 7000; 0
9; 8000; 1
9; 9000; 2
9; 10000; 1
9; 20000; 1
9; 30000; 2
9; 40000; 3
9; 50000; 2
9; 60000; 3
9; 70000; 3
9; 80000; 3
9; 90000; 4
9; 100000; 4
9; 200000; 7
9; 300000; 11
9; 400000; 14
9; 500000; 18
9; 600000; 22
9; 700000; 25
9; 800000; 29
9; 900000; 32
9; 1000000; 36
9; 2000000; 73
9; 3000000; 112
9; 4000000; 152
9; 5000000; 197
9; 6000000; 243
9; 7000000; 290
9; 8000000; 329
9; 9000000; 382
9; 10000000; 401
9; 20000000; 822
9; 30000000; 1261
9; 40000000; 1701
9; 50000000; 2162
9; 60000000; 2655
9; 70000000; 3048
9; 80000000; 3484
9; 90000000; 3893
9; 100000000; 4214
10; 2; 1
10; 3; 0
10; 4; 0
10; 5; 1
10; 6; 1
10; 7; 1
10; 8; 1
10; 9; 1
10; 10; 0
10; 20; 0
10; 30; 1
10; 40; 1
10; 50; 0
10; 60; 1
10; 70; 1
10; 80; 1
10; 90; 1
10; 100; 1
10; 200; 0
10; 300; 1
10; 400; 1
10; 500; 1
10; 600; 1
10; 700; 1
10; 800; 1
10; 900; 1
10; 1000; 1
10; 2000; 0
10; 3000; 0
10; 4000; 1
10; 5000; 1
10; 6000; 1
10; 7000; 1
10; 8000; 1
10; 9000; 1
10; 10000; 1
10; 20000; 1
10; 30000; 2
10; 40000; 2
10; 50000; 3
10; 60000; 3
10; 70000; 3
10; 80000; 3
10; 90000; 5
10; 100000; 4
10; 200000; 7
10; 300000; 11
10; 400000; 14
10; 500000; 19
10; 600000; 25
10; 700000; 32
10; 800000; 31
10; 900000; 35
10; 1000000; 37
10; 2000000; 76
10; 3000000; 111
10; 4000000; 159
10; 5000000; 193
10; 6000000; 246
10; 7000000; 287
10; 8000000; 320
10; 9000000; 352
10; 10000000; 406
10; 20000000; 810
10; 30000000; 1246
10; 40000000; 1651
10; 50000000; 2081
10; 60000000; 2517
10; 70000000; 2914
10; 80000000; 3388
10; 90000000; 3831
10; 100000000; 4212
11; 2; 1
11; 3; 1
11; 4; 1
11; 5; 1
11; 6; 1
11; 7; 1
11; 8; 1
11; 9; 1
11; 10; 1
11; 20; 1
11; 30; 1
11; 40; 1
11; 50; 0
11; 60; 0
11; 70; 1
11; 80; 1
11; 90; 1
11; 100; 1
11; 200; 1
11; 300; 1
11; 400; 1
11; 500; 1
11; 600; 1
11; 700; 1
11; 800; 1
11; 900; 1
11; 1000; 0
11; 2000; 0
11; 3000; 1
11; 4000; 1
11; 5000; 0
11; 6000; 1
11; 7000; 1
11; 8000; 1
11; 9000; 1
11; 10000; 1
11; 20000; 2
11; 30000; 2
11; 40000; 2
11; 50000; 2
11; 60000; 3
11; 70000; 4
11; 80000; 3
11; 90000; 4
11; 100000; 5
11; 200000; 7
11; 300000; 12
11; 400000; 16
11; 500000; 18
11; 600000; 24
11; 700000; 27
11; 800000; 31
11; 900000; 35
11; 1000000; 36
11; 2000000; 77
11; 3000000; 119
11; 4000000; 164
11; 5000000; 194
11; 6000000; 241
11; 7000000; 286
11; 8000000; 325
11; 9000000; 362
11; 10000000; 402
11; 20000000; 825
11; 30000000; 1239
11; 40000000; 1747
11; 50000000; 2310
11; 60000000; 2580
11; 70000000; 3070
11; 80000000; 3640
11; 90000000; 3868
11; 100000000; 4500
12; 2; 1
12; 3; 1
12; 4; 1
12; 5; 1
12; 6; 1
12; 7; 1
12; 8; 1
12; 9; 1
12; 10; 2
12; 20; 1
12; 30; 1
12; 40; 2
12; 50; 1
12; 60; 1
12; 70; 1
12; 80; 1
12; 90; 1
12; 100; 1
12; 200; 1
12; 300; 1
12; 400; 1
12; 500; 1
12; 600; 1
12; 700; 1
12; 800; 1
12; 900; 1
12; 1000; 1
12; 2000; 1
12; 3000; 1
12; 4000; 1
12; 5000; 1
12; 6000; 2
12; 7000; 1
12; 8000; 1
12; 9000; 1
12; 10000; 2
12; 20000; 2
12; 30000; 2
12; 40000; 3
12; 50000; 3
12; 60000; 3
12; 70000; 3
12; 80000; 5
12; 90000; 4
12; 100000; 5
12; 200000; 8
12; 300000; 12
12; 400000; 15
12; 500000; 20
12; 600000; 24
12; 700000; 27
12; 800000; 31
12; 900000; 34
12; 1000000; 37
12; 2000000; 78
12; 3000000; 119
12; 4000000; 174
12; 5000000; 302
12; 6000000; 284
12; 7000000; 277
12; 8000000; 327
12; 9000000; 355
12; 10000000; 397
12; 20000000; 813
12; 30000000; 1242
12; 40000000; 1682
12; 50000000; 2095
12; 60000000; 2513
12; 70000000; 2965
12; 80000000; 3316
12; 90000000; 4080
12; 100000000; 4521
13; 2; 1
13; 3; 1
13; 4; 1
13; 5; 1
13; 6; 1
13; 7; 1
13; 8; 1
13; 9; 2
13; 10; 2
13; 20; 2
13; 30; 2
13; 40; 1
13; 50; 2
13; 60; 1
13; 70; 2
13; 80; 2
13; 90; 1
13; 100; 1
13; 200; 2
13; 300; 1
13; 400; 1
13; 500; 2
13; 600; 1
13; 700; 1
13; 800; 2
13; 900; 1
13; 1000; 2
13; 2000; 1
13; 3000; 2
13; 4000; 1
13; 5000; 2
13; 6000; 2
13; 7000; 1
13; 8000; 1
13; 9000; 1
13; 10000; 2
13; 20000; 3
13; 30000; 5
13; 40000; 3
13; 50000; 4
13; 60000; 3
13; 70000; 4
13; 80000; 5
13; 90000; 5
13; 100000; 6
13; 200000; 8
13; 300000; 11
13; 400000; 15
13; 500000; 19
13; 600000; 23
13; 700000; 26
13; 800000; 30
13; 900000; 34
13; 1000000; 38
13; 2000000; 75
13; 3000000; 118
13; 4000000; 157
13; 5000000; 200
13; 6000000; 241
13; 7000000; 284
13; 8000000; 332
13; 9000000; 366
13; 10000000; 395
13; 20000000; 848
13; 30000000; 1297
13; 40000000; 1722
13; 50000000; 2102
13; 60000000; 2651
13; 70000000; 2960
13; 80000000; 3483
13; 90000000; 3958
13; 100000000; 4424
14; 2; 1
14; 3; 1
14; 4; 1
14; 5; 1
14; 6; 2
14; 7; 1
14; 8; 1
14; 9; 1
14; 10; 1
14; 20; 1
14; 30; 1
14; 40; 1
14; 50; 1
14; 60; 1
14; 70; 1
14; 80; 1
14; 90; 1
14; 100; 1
14; 200; 2
14; 300; 1
14; 400; 2
14; 500; 1
14; 600; 1
14; 700; 1
14; 800; 1
14; 900; 1
14; 1000; 2
14; 2000; 1
14; 3000; 1
14; 4000; 1
14; 5000; 1
14; 6000; 1
14; 7000; 1
14; 8000; 1
14; 9000; 1
14; 10000; 1
14; 20000; 2
14; 30000; 2
14; 40000; 3
14; 50000; 2
14; 60000; 3
14; 70000; 3
14; 80000; 4
14; 90000; 4
14; 100000; 5
14; 200000; 8
14; 300000; 11
14; 400000; 15
14; 500000; 19
14; 600000; 21
14; 700000; 26
14; 800000; 30
14; 900000; 35
14; 1000000; 50
14; 2000000; 85
14; 3000000; 138
14; 4000000; 187
14; 5000000; 212
14; 6000000; 263
14; 7000000; 284
14; 8000000; 321
14; 9000000; 361
14; 10000000; 450
14; 20000000; 821
14; 30000000; 1258
14; 40000000; 1725
14; 50000000; 2188
14; 60000000; 2500
14; 70000000; 2922
14; 80000000; 3536
14; 90000000; 4029
14; 100000000; 4639
15; 2; 1
15; 3; 1
15; 4; 1
15; 5; 1
15; 6; 2
15; 7; 2
15; 8; 2
15; 9; 1
15; 10; 2
15; 20; 2
15; 30; 1
15; 40; 2
15; 50; 2
15; 60; 1
15; 70; 2
15; 80; 2
15; 90; 2
15; 100; 1
15; 200; 1
15; 300; 1
15; 400; 1
15; 500; 1
15; 600; 1
15; 700; 1
15; 800; 2
15; 900; 1
15; 1000; 2
15; 2000; 1
15; 3000; 2
15; 4000; 1
15; 5000; 1
15; 6000; 2
15; 7000; 1
15; 8000; 2
15; 9000; 1
15; 10000; 2
15; 20000; 2
15; 30000; 2
15; 40000; 3
15; 50000; 4
15; 60000; 4
15; 70000; 4
15; 80000; 4
15; 90000; 4
15; 100000; 5
15; 200000; 9
15; 300000; 12
15; 400000; 15
15; 500000; 20
15; 600000; 23
15; 700000; 26
15; 800000; 31
15; 900000; 35
15; 1000000; 54
15; 2000000; 109
15; 3000000; 125
15; 4000000; 152
15; 5000000; 194
15; 6000000; 231
15; 7000000; 275
15; 8000000; 323
15; 9000000; 357
15; 10000000; 389
15; 20000000; 796
15; 30000000; 1234
15; 40000000; 1661
15; 50000000; 2044
15; 60000000; 2490
15; 70000000; 2903
15; 80000000; 3336
15; 90000000; 3778
15; 100000000; 4532
16; 2; 2
16; 3; 2
16; 4; 2
16; 5; 1
16; 6; 2
16; 7; 1
16; 8; 1
16; 9; 1
16; 10; 2
16; 20; 2
16; 30; 2
16; 40; 1
16; 50; 2
16; 60; 2
16; 70; 1
16; 80; 2
16; 90; 2
16; 100; 1
16; 200; 1
16; 300; 2
16; 400; 2
16; 500; 2
16; 600; 2
16; 700; 2
16; 800; 1
16; 900; 2
16; 1000; 2
16; 2000; 1
16; 3000; 2
16; 4000; 2
16; 5000; 2
16; 6000; 1
16; 7000; 2
16; 8000; 2
16; 9000; 2
16; 10000; 1
16; 20000; 2
16; 30000; 3
16; 40000; 2
16; 50000; 4
16; 60000; 3
16; 70000; 4
16; 80000; 4
16; 90000; 4
16; 100000; 4
16; 200000; 8
16; 300000; 12
16; 400000; 16
16; 500000; 19
16; 600000; 23
16; 700000; 28
16; 800000; 38
16; 900000; 35
16; 1000000; 40
16; 2000000; 75
16; 3000000; 116
16; 4000000; 182
16; 5000000; 192
16; 6000000; 246
16; 7000000; 285
16; 8000000; 317
16; 9000000; 358
16; 10000000; 424
16; 20000000; 885
16; 30000000; 1294
16; 40000000; 1693
16; 50000000; 2079
16; 60000000; 2733
16; 70000000; 3045
16; 80000000; 3413
16; 90000000; 3876
16; 100000000; 4336
17; 2; 1
17; 3; 1
17; 4; 1
17; 5; 1
17; 6; 1
17; 7; 1
17; 8; 1
17; 9; 2
17; 10; 1
17; 20; 1
17; 30; 2
17; 40; 1
17; 50; 1
17; 60; 1
17; 70; 1
17; 80; 2
17; 90; 1
17; 100; 1
17; 200; 2
17; 300; 2
17; 400; 1
17; 500; 1
17; 600; 1
17; 700; 2
17; 800; 1
17; 900; 1
17; 1000; 2
17; 2000; 1
17; 3000; 2
17; 4000; 1
17; 5000; 2
17; 6000; 1
17; 7000; 2
17; 8000; 1
17; 9000; 2
17; 10000; 2
17; 20000; 2
17; 30000; 2
17; 40000; 3
17; 50000; 3
17; 60000; 3
17; 70000; 4
17; 80000; 4
17; 90000; 5
17; 100000; 4
17; 200000; 9
17; 300000; 11
17; 400000; 15
17; 500000; 20
17; 600000; 23
17; 700000; 26
17; 800000; 33
17; 900000; 32
17; 1000000; 36
17; 2000000; 79
17; 3000000; 116
17; 4000000; 158
17; 5000000; 192
17; 6000000; 232
17; 7000000; 286
17; 8000000; 319
17; 9000000; 360
17; 10000000; 409
17; 20000000; 825
17; 30000000; 1232
17; 40000000; 1712
17; 50000000; 2072
17; 60000000; 2531
17; 70000000; 2968
17; 80000000; 3407
17; 90000000; 3822
17; 100000000; 4444
18; 2; 2
18; 3; 1
18; 4; 1
18; 5; 1
18; 6; 1
18; 7; 2
18; 8; 1
18; 9; 2
18; 10; 1
18; 20; 2
18; 30; 1
18; 40; 2
18; 50; 1
18; 60; 1
18; 70; 1
18; 80; 1
18; 90; 2
18; 100; 1
18; 200; 2
18; 300; 2
18; 400; 2
18; 500; 1
18; 600; 1
18; 700; 1
18; 800; 1
18; 900; 2
18; 1000; 1
18; 2000; 2
18; 3000; 1
18; 4000; 2
18; 5000; 2
18; 6000; 1
18; 7000; 2
18; 8000; 1
18; 9000; 2
18; 10000; 2
18; 20000; 2
18; 30000; 3
18; 40000; 3
18; 50000; 3
18; 60000; 3
18; 70000; 4
18; 80000; 4
18; 90000; 5
18; 100000; 6
18; 200000; 9
18; 300000; 12
18; 400000; 15
18; 500000; 20
18; 600000; 24
18; 700000; 26
18; 800000; 32
18; 900000; 34
18; 1000000; 39
18; 2000000; 74
18; 3000000; 137
18; 4000000; 172
18; 5000000; 202
18; 6000000; 238
18; 7000000; 289
18; 8000000; 324
18; 9000000; 395
18; 10000000; 410
18; 20000000; 829
18; 30000000; 1230
18; 40000000; 1665
18; 50000000; 2170
18; 60000000; 2497
18; 70000000; 2902
18; 80000000; 3641
18; 90000000; 4040
18; 100000000; 4313
19; 2; 2
19; 3; 1
19; 4; 2
19; 5; 1
19; 6; 2
19; 7; 1
19; 8; 2
19; 9; 1
19; 10; 2
19; 20; 1
19; 30; 2
19; 40; 1
19; 50; 2
19; 60; 2
19; 70; 1
19; 80; 2
19; 90; 1
19; 100; 2
19; 200; 1
19; 300; 2
19; 400; 1
19; 500; 2
19; 600; 2
19; 700; 1
19; 800; 2
19; 900; 2
19; 1000; 1
19; 2000; 2
19; 3000; 1
19; 4000; 2
19; 5000; 1
19; 6000; 2
19; 7000; 2
19; 8000; 2
19; 9000; 2
19; 10000; 2
19; 20000; 2
19; 30000; 3
19; 40000; 3
19; 50000; 3
19; 60000; 4
19; 70000; 3
19; 80000; 4
19; 90000; 4
19; 100000; 5
19; 200000; 8
19; 300000; 12
19; 400000; 15
19; 500000; 18
19; 600000; 22
19; 700000; 25
19; 800000; 30
19; 900000; 38
19; 1000000; 37
19; 2000000; 74
19; 3000000; 114
19; 4000000; 156
19; 5000000; 203
19; 6000000; 239
19; 7000000; 290
19; 8000000; 324
19; 9000000; 355
19; 10000000; 402
19; 20000000; 809
19; 30000000; 1248
19; 40000000; 1695
19; 50000000; 2204
19; 60000000; 2463
19; 70000000; 3048
19; 80000000; 3552
19; 90000000; 3838
19; 100000000; 4269
20; 2; 1
20; 3; 2
20; 4; 1
20; 5; 2
20; 6; 1
20; 7; 1
20; 8; 2
20; 9; 1
20; 10; 2
20; 20; 2
20; 30; 1
20; 40; 2
20; 50; 1
20; 60; 2
20; 70; 2
20; 80; 1
20; 90; 2
20; 100; 1
20; 200; 1
20; 300; 2
20; 400; 1
20; 500; 2
20; 600; 2
20; 700; 1
20; 800; 2
20; 900; 2
20; 1000; 1
20; 2000; 2
20; 3000; 1
20; 4000; 1
20; 5000; 2
20; 6000; 2
20; 7000; 2
20; 8000; 2
20; 9000; 1
20; 10000; 1
20; 20000; 3
20; 30000; 2
20; 40000; 3
20; 50000; 4
20; 60000; 3
20; 70000; 3
20; 80000; 5
20; 90000; 4
20; 100000; 5
20; 200000; 9
20; 300000; 12
20; 400000; 15
20; 500000; 19
20; 600000; 23
20; 700000; 28
20; 800000; 32
20; 900000; 33
20; 1000000; 37
20; 2000000; 75
20; 3000000; 115
20; 4000000; 152
20; 5000000; 194
20; 6000000; 236
20; 7000000; 272
20; 8000000; 312
20; 9000000; 346
20; 10000000; 389
20; 20000000; 815
20; 30000000; 1230
20; 40000000; 1648
20; 50000000; 2067
20; 60000000; 2508
20; 70000000; 3000
20; 80000000; 3474
20; 90000000; 4075
20; 100000000; 4401
